,日期,开盘,收盘,最高,最低,成交量,成交额,振幅,涨跌幅,涨跌额,换手率
0,2017-01-03,28.17,28.54,28.66,28.17,15846,44461414.0,1.75,1.64,0.46,1.98
1,2017-01-04,28.5,28.77,28.79,28.36,19733,55677627.0,1.51,0.81,0.23,2.47
2,2017-01-05,29.07,29.74,30.68,28.98,55789,164526325.0,5.91,3.37,0.97,6.97
3,2017-01-06,29.51,29.67,30.22,29.4,35371,103806798.0,2.76,-0.24,-0.07,4.42
4,2017-01-09,29.59,29.8,29.85,29.43,22964,67183756.0,1.42,0.44,0.13,2.87
5,2017-01-10,29.7,29.53,29.79,29.48,17779,51908882.0,1.04,-0.91,-0.27,2.22
6,2017-01-11,29.42,29.14,29.88,29.1,21835,63773614.0,2.64,-1.32,-0.39,2.73
7,2017-01-12,28.85,28.64,29.1,28.57,16078,45689211.0,1.82,-1.72,-0.5,2.01
8,2017-01-13,28.52,28.18,28.81,28.1,14649,41074610.0,2.48,-1.61,-0.46,1.83
9,2017-01-16,28.05,26.98,28.46,25.88,24897,67360051.0,9.16,-4.26,-1.2,3.11
10,2017-01-17,26.89,27.3,27.51,26.55,12161,32470227.0,3.56,1.19,0.32,1.52
11,2017-01-18,27.3,28.19,29.06,27.1,18544,51030535.0,7.18,3.26,0.89,2.32
12,2017-01-19,27.75,27.57,28.0,27.55,13555,37138765.0,1.6,-2.2,-0.62,1.69
13,2017-01-20,27.54,27.98,28.18,27.33,9126,25101990.0,3.08,1.49,0.41,1.14
14,2017-01-23,28.23,28.11,28.25,27.92,8458,23399026.0,1.18,0.46,0.13,1.06
15,2017-01-24,28.1,27.75,28.1,27.4,9003,24634812.0,2.49,-1.28,-0.36,1.13
16,2017-01-25,27.57,27.65,27.7,27.4,7926,21536608.0,1.08,-0.36,-0.1,0.99
17,2017-01-26,27.63,27.57,27.77,27.29,9729,26336454.0,1.74,-0.29,-0.08,1.22
18,2017-02-03,27.6,27.72,28.01,27.4,8684,23720598.0,2.21,0.54,0.15,1.09
19,2017-02-06,28.05,28.01,28.25,27.9,18961,52374297.0,1.26,1.05,0.29,2.37
20,2017-02-07,27.95,28.39,28.78,27.61,23356,65224837.0,4.18,1.36,0.38,2.92
21,2017-02-08,28.2,28.3,28.36,27.85,17145,47480468.0,1.8,-0.32,-0.09,2.14
22,2017-02-09,28.3,28.34,28.53,28.25,14752,41255372.0,0.99,0.14,0.04,1.84
23,2017-02-10,28.33,28.07,28.45,28.02,11970,33252021.0,1.52,-0.95,-0.27,1.5
24,2017-02-13,28.06,28.28,28.33,27.95,12760,35422220.0,1.35,0.75,0.21,1.59
25,2017-02-14,28.21,28.16,28.35,28.05,8826,24486324.0,1.06,-0.42,-0.12,1.1
26,2017-02-15,28.2,27.59,28.2,27.42,18556,50921436.0,2.77,-2.02,-0.57,2.32
27,2017-02-16,27.56,27.69,27.76,27.5,9901,26969819.0,0.94,0.36,0.1,1.24
28,2017-02-17,27.7,27.41,27.78,27.39,13334,36205694.0,1.41,-1.01,-0.28,1.67
29,2017-02-20,27.45,27.57,27.61,27.3,7942,21472423.0,1.13,0.58,0.16,0.99
30,2017-02-21,27.68,27.86,27.89,27.55,11167,30532389.0,1.23,1.05,0.29,1.4
31,2017-02-22,27.93,27.76,27.93,27.58,12367,33759396.0,1.26,-0.36,-0.1,1.55
32,2017-02-23,27.76,27.77,27.87,27.46,14033,38205531.0,1.48,0.04,0.01,1.75
33,2017-02-24,27.76,27.93,27.96,27.6,14415,39495888.0,1.3,0.58,0.16,1.8
34,2017-02-27,27.93,27.88,28.14,27.78,16739,46161297.0,1.29,-0.18,-0.05,2.09
35,2017-02-28,27.85,28.03,28.04,27.73,10911,30005534.0,1.11,0.54,0.15,1.36
36,2017-03-01,28.03,28.12,28.15,27.84,14129,39044567.0,1.11,0.32,0.09,1.77
37,2017-03-02,28.11,27.8,28.24,27.7,16685,46005058.0,1.92,-1.14,-0.32,2.09
38,2017-03-03,27.78,27.74,27.78,27.48,11966,32559982.0,1.08,-0.22,-0.06,1.5
39,2017-03-06,27.77,28.11,28.14,27.7,16798,46349363.0,1.59,1.33,0.37,2.1
40,2017-03-07,28.14,28.23,28.3,28.05,16378,45500107.0,0.89,0.43,0.12,2.05
41,2017-03-08,28.23,28.03,28.23,27.98,10911,30192292.0,0.89,-0.71,-0.2,1.36
42,2017-03-09,27.95,28.17,28.25,27.95,14353,39760953.0,1.07,0.5,0.14,1.79
43,2017-03-10,28.17,27.98,28.21,27.96,10881,30080864.0,0.89,-0.67,-0.19,1.36
44,2017-03-13,27.9,27.83,27.99,27.49,10857,29677742.0,1.79,-0.54,-0.15,1.36
45,2017-03-14,27.8,27.71,28.08,27.66,9224,25300693.0,1.51,-0.43,-0.12,1.15
46,2017-03-15,27.7,27.71,27.84,27.6,7463,20364892.0,0.87,0.0,0.0,0.93
47,2017-03-16,27.7,28.05,28.08,27.7,12527,34467015.0,1.37,1.23,0.34,1.57
48,2017-03-17,28.05,28.01,28.35,27.95,18646,51774170.0,1.43,-0.14,-0.04,2.33
49,2017-03-20,27.95,28.15,28.18,27.76,10148,27940876.0,1.5,0.5,0.14,1.27
50,2017-03-21,28.15,28.14,28.19,27.98,9431,26086619.0,0.75,-0.04,-0.01,1.18
51,2017-03-22,27.96,27.68,28.0,27.59,10658,29162507.0,1.46,-1.63,-0.46,1.33
52,2017-03-23,27.79,27.61,27.79,27.3,9549,25967365.0,1.77,-0.25,-0.07,1.19
53,2017-03-24,27.45,27.55,27.64,27.36,13792,37329193.0,1.01,-0.22,-0.06,1.72
54,2017-03-27,27.56,27.62,27.71,27.42,9768,26520710.0,1.05,0.25,0.07,1.22
55,2017-03-28,27.58,27.46,27.58,27.43,6772,18344533.0,0.54,-0.58,-0.16,0.85
56,2017-03-29,27.45,27.1,27.55,27.08,10711,28803904.0,1.71,-1.31,-0.36,1.34
57,2017-03-30,27.1,26.29,27.15,26.2,16924,44177307.0,3.51,-2.99,-0.81,2.12
58,2017-03-31,26.3,26.46,26.6,26.29,6066,15803787.0,1.18,0.65,0.17,0.76
59,2017-04-05,26.7,26.75,26.76,26.41,7452,19556354.0,1.32,1.1,0.29,0.93
60,2017-04-06,26.74,26.88,27.08,26.66,7448,19758587.0,1.57,0.49,0.13,0.93
61,2017-04-07,26.76,26.67,26.87,26.61,5526,14543611.0,0.97,-0.78,-0.21,0.69
62,2017-04-10,26.65,26.27,26.79,26.26,8836,22948653.0,1.99,-1.5,-0.4,1.1
63,2017-04-11,26.03,26.15,26.25,25.83,11941,30638298.0,1.6,-0.46,-0.12,1.49
64,2017-04-12,25.97,25.87,26.19,25.83,10121,25857227.0,1.38,-1.07,-0.28,1.27
65,2017-04-13,25.8,26.68,28.3,25.8,24414,64293353.0,9.66,3.13,0.81,3.05
66,2017-04-14,26.67,26.26,26.79,26.16,11722,30518675.0,2.36,-1.57,-0.42,1.47
67,2017-04-17,26.0,25.84,26.19,25.8,6856,17481112.0,1.49,-1.6,-0.42,0.86
68,2017-04-18,25.87,25.08,25.97,24.99,9484,23897562.0,3.79,-2.94,-0.76,1.19
69,2017-04-19,25.07,24.09,25.09,23.3,18177,42931080.0,7.14,-3.95,-0.99,2.27
70,2017-04-20,24.08,23.69,24.16,23.48,9212,21527193.0,2.82,-1.66,-0.4,1.15
71,2017-04-21,23.73,23.6,23.92,23.56,5989,13947907.0,1.52,-0.38,-0.09,0.75
72,2017-04-24,23.72,22.19,23.72,22.1,12973,28818398.0,6.86,-5.97,-1.41,1.62
73,2017-04-25,22.13,22.17,22.4,22.12,9070,19826509.0,1.26,-0.09,-0.02,1.13
74,2017-04-26,22.32,21.6,22.32,21.55,11470,24597613.0,3.47,-2.57,-0.57,1.43
75,2017-04-27,21.62,21.06,21.72,19.9,23560,47722619.0,8.43,-2.5,-0.54,2.94
76,2017-04-28,20.78,21.19,21.28,20.78,11438,23590118.0,2.37,0.62,0.13,1.43
77,2017-05-02,21.18,21.35,21.69,20.98,13951,29277224.0,3.35,0.76,0.16,1.74
78,2017-05-03,21.41,21.63,21.65,20.95,10768,22604726.0,3.28,1.31,0.28,1.35
79,2017-05-04,21.62,21.5,21.9,21.3,10716,22784963.0,2.77,-0.6,-0.13,1.34
80,2017-05-05,21.57,21.21,21.78,21.18,7607,15968607.0,2.79,-1.35,-0.29,0.95
81,2017-05-08,21.17,20.6,21.17,20.58,6443,13195587.0,2.78,-2.88,-0.61,0.81
82,2017-05-09,20.4,20.81,20.84,20.27,8212,16574813.0,2.77,1.02,0.21,1.03
83,2017-05-10,20.8,20.39,21.13,20.38,7919,16126172.0,3.6,-2.02,-0.42,0.99
84,2017-05-11,20.3,20.06,20.37,19.43,10064,19601119.0,4.61,-1.62,-0.33,1.26
85,2017-05-12,20.06,20.09,20.29,19.9,5211,10241717.0,1.94,0.15,0.03,0.65
86,2017-05-15,20.15,20.09,20.34,20.05,5440,10742576.0,1.44,0.0,0.0,0.68
87,2017-05-16,19.93,20.64,20.7,19.92,10916,21795402.0,3.88,2.74,0.55,1.36
88,2017-05-17,20.74,20.59,20.87,20.5,8152,16554656.0,1.79,-0.24,-0.05,1.02
89,2017-05-18,20.6,20.55,20.78,20.42,6830,13828910.0,1.75,-0.19,-0.04,0.85
90,2017-05-19,20.41,20.67,20.72,20.41,4378,8828421.0,1.51,0.58,0.12,0.55
91,2017-05-22,20.67,19.8,20.76,19.67,7778,15413945.0,5.27,-4.21,-0.87,0.97
92,2017-05-23,19.7,18.61,19.95,18.52,8904,16732435.0,7.22,-6.01,-1.19,1.11
93,2017-05-24,18.68,18.84,18.85,18.2,7979,14515184.0,3.49,1.24,0.23,1.0
94,2017-05-25,18.8,19.0,19.16,18.47,7216,13293827.0,3.66,0.85,0.16,0.9
95,2017-05-26,18.96,18.91,19.16,18.83,5793,10766417.0,1.74,-0.47,-0.09,0.72
96,2017-05-31,19.05,19.21,19.62,19.05,8879,16804922.0,3.01,1.59,0.3,1.11
97,2017-06-01,19.22,18.35,19.28,18.3,7872,14479887.0,5.1,-4.48,-0.86,0.98
98,2017-06-02,18.41,18.68,18.75,18.15,6821,12331784.0,3.27,1.8,0.33,0.85
99,2017-06-05,18.65,18.92,18.99,18.58,5661,10441594.0,2.19,1.28,0.24,0.71
100,2017-06-06,18.86,19.09,19.19,18.86,5643,10522483.0,1.74,0.9,0.17,0.71
101,2017-06-07,19.15,19.49,19.5,19.09,9615,18233097.0,2.15,2.1,0.4,1.2
102,2017-06-08,19.49,19.34,19.55,19.28,6996,13272615.0,1.39,-0.77,-0.15,0.87
103,2017-06-09,19.28,19.21,19.43,19.02,6275,11777358.0,2.12,-0.67,-0.13,0.78
104,2017-06-12,19.06,18.55,19.06,18.4,9495,17340770.0,3.44,-3.44,-0.66,1.19
105,2017-06-13,18.49,18.96,18.97,18.36,7664,14113436.0,3.29,2.21,0.41,0.96
106,2017-06-14,18.91,19.06,19.2,18.71,7080,13185456.0,2.58,0.53,0.1,0.89
107,2017-06-15,18.98,19.63,19.7,18.98,13634,26058357.0,3.78,2.99,0.57,1.7
108,2017-06-16,19.66,19.57,19.78,19.47,7624,14630881.0,1.58,-0.31,-0.06,0.95
109,2017-06-19,19.58,19.62,19.68,19.52,6704,12875343.0,0.82,0.26,0.05,0.84
110,2017-06-20,19.62,19.49,19.8,19.46,5833,11233389.0,1.73,-0.66,-0.13,0.73
111,2017-06-21,19.63,19.66,19.68,19.4,6120,11705035.0,1.44,0.87,0.17,0.77
112,2017-06-22,19.65,19.18,19.66,19.17,7567,14379808.0,2.49,-2.44,-0.48,0.95
113,2017-06-23,18.97,18.97,19.13,18.61,8815,16264998.0,2.71,-1.09,-0.21,1.1
114,2017-06-26,19.0,19.16,19.17,18.75,7004,13009865.0,2.21,1.0,0.19,0.88
115,2017-06-27,19.26,19.19,19.38,19.16,5676,10653764.0,1.15,0.16,0.03,0.71
116,2017-06-28,19.06,18.93,19.11,18.86,3950,7300160.0,1.3,-1.35,-0.26,0.49
117,2017-06-29,18.87,19.17,19.23,18.87,5108,9516583.0,1.9,1.27,0.24,0.64
118,2017-06-30,19.13,19.27,19.33,18.97,5040,9435950.0,1.88,0.52,0.1,0.63
119,2017-07-03,19.25,19.43,19.45,19.22,8009,15127923.0,1.19,0.83,0.16,1.0
120,2017-07-04,19.5,19.43,19.5,19.19,5882,11116261.0,1.6,0.0,0.0,0.74
121,2017-07-05,19.43,19.6,19.61,19.33,8855,16862753.0,1.44,0.87,0.17,1.11
122,2017-07-06,19.63,19.38,19.64,19.32,8594,16327181.0,1.63,-1.12,-0.22,1.07
123,2017-07-07,19.38,19.66,19.68,19.31,9685,18447952.0,1.91,1.44,0.28,1.21
124,2017-07-10,19.58,19.28,19.65,19.27,9810,18609753.0,1.93,-1.93,-0.38,1.23
125,2017-07-11,19.23,19.0,19.35,18.99,6256,11718901.0,1.87,-1.45,-0.28,0.78
126,2017-07-12,19.0,18.85,19.06,18.49,7244,13249473.0,3.0,-0.79,-0.15,0.91
127,2017-07-13,18.86,18.81,18.94,18.74,3996,7335063.0,1.06,-0.21,-0.04,0.5
128,2017-07-14,19.84,20.65,20.65,19.56,65930,129816294.0,5.79,9.78,1.84,8.24
129,2017-07-17,20.96,22.67,22.67,20.73,139137,299498992.0,9.39,9.78,2.02,17.39
130,2017-07-18,23.51,23.08,23.76,22.22,146794,329942752.0,6.79,1.81,0.41,18.35
131,2017-07-19,22.89,22.8,23.02,22.11,120988,266679495.0,3.94,-1.21,-0.28,15.12
132,2017-07-20,22.32,22.55,22.89,22.26,87422,192783706.0,2.76,-1.1,-0.25,10.93
133,2017-07-21,22.09,21.68,22.46,21.32,83545,177696168.0,5.06,-3.86,-0.87,10.44
134,2017-07-24,21.51,21.95,22.01,21.27,57829,122614992.0,3.41,1.25,0.27,7.23
135,2017-07-25,21.26,20.84,21.26,20.53,72108,146928887.0,3.33,-5.06,-1.11,9.01
136,2017-07-26,20.74,21.13,21.16,20.57,52905,108173962.0,2.83,1.39,0.29,6.61
137,2017-07-27,20.98,21.61,21.81,20.66,64908,135813517.0,5.44,2.27,0.48,8.11
138,2017-07-28,21.46,21.59,22.42,21.34,66668,143028965.0,5.0,-0.09,-0.02,8.33
139,2017-07-31,21.37,22.19,22.23,20.81,61213,128232161.0,6.58,2.78,0.6,7.65
140,2017-08-01,21.94,21.69,22.11,21.46,40996,87379880.0,2.93,-2.25,-0.5,5.12
141,2017-08-02,21.47,20.74,21.69,20.66,38879,80390005.0,4.75,-4.38,-0.95,4.86
142,2017-08-03,20.66,20.89,20.95,20.49,28657,58107783.0,2.22,0.72,0.15,3.58
143,2017-08-04,20.84,20.93,21.0,20.62,22446,45687027.0,1.82,0.19,0.04,2.81
144,2017-08-07,20.93,20.86,21.03,20.64,16642,33866632.0,1.86,-0.33,-0.07,2.08
145,2017-08-08,20.85,20.51,20.85,20.12,35201,70317953.0,3.5,-1.68,-0.35,4.4
146,2017-08-09,20.44,20.6,20.63,20.27,17627,35210167.0,1.76,0.44,0.09,2.2
147,2017-08-10,20.5,19.98,20.55,19.86,23819,46942522.0,3.35,-3.01,-0.62,2.98
148,2017-08-11,19.71,19.79,19.89,19.54,18116,34828630.0,1.75,-0.95,-0.19,2.26
149,2017-08-14,19.81,20.08,20.13,19.76,17028,33272054.0,1.87,1.47,0.29,2.13
150,2017-08-15,19.98,20.17,20.21,19.98,12623,24787101.0,1.15,0.45,0.09,1.58
151,2017-08-16,20.3,20.25,20.3,19.96,14639,28816001.0,1.69,0.4,0.08,1.83
152,2017-08-17,20.2,20.32,20.39,20.15,14526,28758969.0,1.19,0.35,0.07,1.82
153,2017-08-18,20.27,20.07,20.27,20.02,13040,25625574.0,1.23,-1.23,-0.25,1.63
154,2017-08-21,20.0,20.23,20.24,20.0,12291,24202373.0,1.2,0.8,0.16,1.54
155,2017-08-22,20.23,20.75,20.83,20.23,37525,75633072.0,2.97,2.57,0.52,4.69
156,2017-08-23,20.56,20.6,20.76,20.47,16047,32269537.0,1.4,-0.72,-0.15,2.01
157,2017-08-24,20.65,20.15,20.78,20.14,17165,34276454.0,3.11,-2.18,-0.45,2.15
158,2017-08-25,19.74,20.38,20.56,19.74,15601,30722084.0,4.07,1.14,0.23,1.95
159,2017-08-28,20.56,20.5,20.68,20.27,20061,40112540.0,2.01,0.59,0.12,2.51
160,2017-08-29,20.54,20.8,20.84,20.44,27911,56526663.0,1.95,1.46,0.3,3.49
161,2017-08-30,20.82,20.66,20.86,20.55,14379,29091851.0,1.49,-0.67,-0.14,1.8
162,2017-08-31,20.61,20.78,20.81,20.54,13068,26451693.0,1.31,0.58,0.12,1.63
163,2017-09-01,20.91,20.97,21.25,20.83,25861,53290820.0,2.02,0.91,0.19,3.23
164,2017-09-04,21.03,20.99,21.05,20.76,15124,30888641.0,1.38,0.1,0.02,1.89
165,2017-09-05,20.94,20.75,20.95,20.64,15308,31084725.0,1.48,-1.14,-0.24,1.91
166,2017-09-06,20.71,20.71,20.73,20.46,14522,29229431.0,1.3,-0.19,-0.04,1.82
167,2017-09-07,20.81,20.57,20.81,20.56,13439,27197236.0,1.21,-0.68,-0.14,1.68
168,2017-09-08,20.72,20.74,20.75,20.58,13226,26714997.0,0.83,0.83,0.17,1.65
169,2017-09-11,20.75,20.94,21.15,20.74,21657,44448240.0,1.98,0.96,0.2,2.71
170,2017-09-12,20.91,20.64,20.93,20.61,15902,32275117.0,1.53,-1.43,-0.3,1.99
171,2017-09-13,20.74,21.77,21.97,20.57,54766,114407914.0,6.78,5.47,1.13,6.85
172,2017-09-14,21.51,21.4,21.76,21.25,35786,75129738.0,2.34,-1.7,-0.37,4.47
173,2017-09-15,21.29,21.76,21.76,21.26,32696,68828420.0,2.34,1.68,0.36,4.09
174,2017-09-18,21.82,21.85,22.06,21.5,27596,58709502.0,2.57,0.41,0.09,3.45
175,2017-09-19,21.95,22.46,22.94,21.62,52920,115318210.0,6.04,2.79,0.61,6.62
176,2017-09-20,22.17,22.35,22.41,22.02,29458,64002179.0,1.74,-0.49,-0.11,3.68
177,2017-09-21,22.36,21.64,22.42,21.6,27493,59090161.0,3.67,-3.18,-0.71,3.44
178,2017-09-22,21.64,21.45,21.83,21.33,14601,30710992.0,2.31,-0.88,-0.19,1.83
179,2017-09-25,21.46,21.68,22.4,21.39,22300,36917821.0,4.71,1.07,0.23,2.14
180,2017-09-26,21.42,21.01,21.64,20.87,22375,35623121.0,3.55,-3.09,-0.67,2.15
181,2017-09-27,20.94,21.51,21.62,20.77,22454,35884792.0,4.05,2.38,0.5,2.16
182,2017-09-28,21.38,21.4,21.75,21.22,21907,35484637.0,2.46,-0.51,-0.11,2.11
183,2017-09-29,21.42,21.36,21.66,21.23,13320,21478043.0,2.01,-0.19,-0.04,1.28
184,2017-10-09,21.52,21.44,21.65,21.33,15825,25556020.0,1.5,0.37,0.08,1.52
185,2017-10-10,21.43,22.11,22.4,21.29,44145,72993886.0,5.18,3.13,0.67,4.24
186,2017-10-11,21.99,22.09,22.18,21.91,24177,40147450.0,1.22,-0.09,-0.02,2.32
187,2017-10-12,22.11,21.78,22.11,21.52,20315,33343617.0,2.67,-1.4,-0.31,1.95
188,2017-10-13,21.98,22.43,22.65,21.98,48107,81119702.0,3.08,2.98,0.65,4.63
189,2017-10-16,22.17,22.04,23.41,22.01,50130,85532570.0,6.24,-1.74,-0.39,4.82
190,2017-10-17,21.66,21.59,21.85,21.14,29229,47254049.0,3.22,-2.04,-0.45,2.81
191,2017-10-18,21.59,21.51,22.24,21.4,23332,38207162.0,3.89,-0.37,-0.08,2.24
192,2017-10-19,21.31,20.58,21.48,20.56,27223,42832919.0,4.28,-4.32,-0.93,2.62
193,2017-10-20,20.55,20.84,20.99,20.52,13169,20520795.0,2.28,1.26,0.26,1.27
194,2017-10-23,20.96,20.82,20.96,20.68,8890,13882421.0,1.34,-0.1,-0.02,0.85
195,2017-10-24,20.94,20.65,20.94,20.3,12387,19178284.0,3.07,-0.82,-0.17,1.19
196,2017-10-25,20.64,20.73,20.77,20.52,11705,18198993.0,1.21,0.39,0.08,1.13
197,2017-10-26,20.66,20.78,20.9,20.66,11716,18334406.0,1.16,0.24,0.05,1.13
198,2017-10-27,20.84,21.0,21.36,20.75,17878,28263951.0,2.94,1.06,0.22,1.72
199,2017-10-30,20.86,19.73,20.86,19.52,25710,38609419.0,6.38,-6.05,-1.27,2.47
200,2017-10-31,19.67,19.8,19.93,19.6,7663,11388349.0,1.67,0.35,0.07,0.74
201,2017-11-01,19.8,19.78,20.04,19.71,8696,12959156.0,1.67,-0.1,-0.02,0.84
202,2017-11-02,19.8,19.28,19.83,19.25,14260,20728769.0,2.93,-2.53,-0.5,1.37
203,2017-11-03,19.25,19.0,19.34,18.89,8759,12562822.0,2.33,-1.45,-0.28,0.84
204,2017-11-06,19.12,19.23,19.35,18.82,7121,10232878.0,2.79,1.21,0.23,0.68
205,2017-11-07,19.23,19.53,19.65,19.15,10488,15304228.0,2.6,1.56,0.3,1.01
206,2017-11-08,19.45,19.48,19.66,19.39,7059,10355940.0,1.38,-0.26,-0.05,0.68
207,2017-11-09,19.41,19.3,19.45,18.66,16417,23493495.0,4.06,-0.92,-0.18,1.58
208,2017-11-10,19.08,19.21,19.28,18.99,11667,16745524.0,1.5,-0.47,-0.09,1.12
209,2017-11-13,19.21,18.93,19.31,18.93,9986,14281839.0,1.98,-1.46,-0.28,0.96
210,2017-11-14,18.96,18.7,18.97,18.66,12126,17098540.0,1.64,-1.22,-0.23,1.17
211,2017-11-15,18.73,18.82,18.84,18.66,8485,11948183.0,0.96,0.64,0.12,0.82
212,2017-11-16,18.82,18.41,18.91,18.08,14084,19751294.0,4.41,-2.18,-0.41,1.35
213,2017-11-17,18.34,17.24,18.39,17.19,27938,37042924.0,6.52,-6.36,-1.17,2.69
214,2017-11-20,17.23,17.02,17.23,16.67,11801,14934471.0,3.25,-1.28,-0.22,1.13
215,2017-11-21,17.23,17.22,17.7,17.11,14155,18420216.0,3.47,1.18,0.2,1.36
216,2017-11-22,17.1,17.1,17.3,16.79,11647,14892350.0,2.96,-0.7,-0.12,1.12
217,2017-11-23,17.1,16.75,17.1,16.72,12762,16117235.0,2.22,-2.05,-0.35,1.23
218,2017-11-24,17.13,16.88,17.13,16.66,6870,8673030.0,2.81,0.78,0.13,0.66
219,2017-11-27,16.96,16.98,17.52,16.75,10593,13571017.0,4.56,0.59,0.1,1.02
220,2017-11-28,17.0,17.3,17.33,16.92,6672,8562260.0,2.41,1.88,0.32,0.64
221,2017-11-29,17.31,17.18,17.35,17.0,7873,10110436.0,2.02,-0.69,-0.12,0.76
222,2017-11-30,17.13,17.19,17.27,17.05,5599,7196855.0,1.28,0.06,0.01,0.54
223,2017-12-01,17.18,17.28,17.33,17.1,9861,12709822.0,1.34,0.52,0.09,0.95
224,2017-12-04,17.23,16.79,17.23,16.71,10270,13029431.0,3.01,-2.84,-0.49,0.99
225,2017-12-05,16.81,16.14,16.84,16.06,12250,15018236.0,4.65,-3.87,-0.65,1.18
226,2017-12-06,16.19,16.39,16.4,15.97,8293,9994718.0,2.66,1.55,0.25,0.8
227,2017-12-07,16.31,16.33,16.44,16.2,6126,7468702.0,1.46,-0.37,-0.06,0.59
228,2017-12-08,16.32,16.7,16.74,16.23,9718,12022077.0,3.12,2.27,0.37,0.93
229,2017-12-11,16.58,16.8,16.83,16.53,8910,11116192.0,1.8,0.6,0.1,0.86
230,2017-12-12,17.09,17.97,18.44,16.85,56691,76516462.0,9.46,6.96,1.17,5.45
231,2017-12-13,17.59,18.19,18.27,17.37,42543,57128336.0,5.01,1.22,0.22,4.09
232,2017-12-14,17.89,18.3,18.76,17.79,38833,53208393.0,5.33,0.6,0.11,3.73
233,2017-12-15,18.17,18.15,18.23,17.88,22401,30272278.0,1.91,-0.82,-0.15,2.15
234,2017-12-18,18.15,17.75,18.15,17.57,16113,21492127.0,3.2,-2.2,-0.4,1.55
235,2017-12-19,17.7,17.82,17.88,17.61,12541,16695768.0,1.52,0.39,0.07,1.21
236,2017-12-20,17.75,18.84,18.88,17.75,54261,75003441.0,6.34,5.72,1.02,5.22
237,2017-12-21,18.53,18.67,18.88,18.43,36400,50852128.0,2.39,-0.9,-0.17,3.5
238,2017-12-22,18.47,18.58,18.84,18.41,19407,27034298.0,2.3,-0.48,-0.09,1.87
239,2017-12-25,18.71,20.38,20.39,18.71,97797,144735902.0,9.04,9.69,1.8,9.4
240,2017-12-26,20.18,21.13,21.56,19.9,125712,197874163.0,8.15,3.68,0.75,12.09
241,2017-12-27,20.35,19.92,21.0,19.67,90826,137466376.0,6.29,-5.73,-1.21,8.73
242,2017-12-28,19.58,19.7,19.83,19.21,58512,85589479.0,3.11,-1.1,-0.22,5.63
243,2017-12-29,19.44,19.41,19.62,19.25,34970,50945626.0,1.88,-1.47,-0.29,3.36
244,2018-01-02,19.53,19.53,19.67,19.26,34180,50031496.0,2.11,0.62,0.12,3.29
245,2018-01-03,19.45,19.31,19.51,18.99,44996,64882619.0,2.66,-1.13,-0.22,4.33
246,2018-01-04,19.19,19.15,19.3,19.01,29302,42073600.0,1.5,-0.83,-0.16,2.82
247,2018-01-05,19.1,19.57,19.74,18.95,50051,73121126.0,4.13,2.19,0.42,4.81
248,2018-01-08,19.51,19.23,19.52,19.06,26018,37517397.0,2.35,-1.74,-0.34,2.5
249,2018-01-09,19.3,19.02,19.56,18.99,30573,44154026.0,2.96,-1.09,-0.21,2.94
250,2018-01-10,19.0,18.05,19.0,17.75,45158,62037254.0,6.57,-5.1,-0.97,4.34
251,2018-01-11,17.8,18.01,18.23,17.8,17217,23237836.0,2.38,-0.22,-0.04,1.66
252,2018-01-12,18.02,17.69,18.05,17.59,18604,24707667.0,2.55,-1.78,-0.32,1.79
253,2018-01-15,17.56,17.04,17.66,16.92,23754,30461199.0,4.18,-3.67,-0.65,2.28
254,2018-01-16,17.04,17.33,17.35,17.04,15908,20477647.0,1.82,1.7,0.29,1.53
255,2018-01-17,17.33,17.89,17.96,17.05,30744,40750991.0,5.25,3.23,0.56,2.96
256,2018-01-18,17.67,17.69,17.87,17.59,14880,19731310.0,1.57,-1.12,-0.2,1.43
257,2018-01-19,17.62,17.75,18.11,17.59,15837,21205926.0,2.94,0.34,0.06,1.52
258,2018-01-22,17.85,18.21,18.66,17.75,27927,38267710.0,5.13,2.59,0.46,2.69
259,2018-01-23,18.44,18.32,18.69,17.88,32386,44500326.0,4.45,0.6,0.11,3.11
260,2018-01-24,18.0,18.09,18.21,17.83,20605,27798452.0,2.07,-1.26,-0.23,1.98
261,2018-01-25,18.05,18.0,18.18,17.95,15204,20606523.0,1.27,-0.5,-0.09,1.46
262,2018-01-26,18.02,18.21,18.43,17.98,16737,22835461.0,2.5,1.17,0.21,1.61
263,2018-01-29,18.02,18.01,18.21,17.56,22098,29523940.0,3.57,-1.1,-0.2,2.12
264,2018-01-30,17.88,17.45,17.93,17.35,18853,24787006.0,3.22,-3.11,-0.56,1.81
265,2018-01-31,17.11,16.66,17.3,16.61,22276,28212194.0,3.95,-4.53,-0.79,2.14
266,2018-02-01,16.29,16.13,16.65,16.1,14729,17946444.0,3.3,-3.18,-0.53,1.42
267,2018-02-02,16.11,15.94,16.26,15.35,10532,12418386.0,5.64,-1.18,-0.19,1.01
268,2018-02-05,16.31,16.58,17.23,16.23,28829,36009504.0,6.27,4.02,0.64,2.77
269,2018-02-06,16.0,15.2,16.0,15.12,23864,27811191.0,5.31,-8.32,-1.38,2.29
270,2018-02-07,15.42,16.67,16.67,15.42,41129,49544100.0,8.22,9.67,1.47,3.95
271,2018-02-08,16.52,16.97,17.11,16.39,30740,38545615.0,4.32,1.8,0.3,2.96
272,2018-02-09,16.29,15.98,16.57,15.54,22808,27485976.0,6.07,-5.83,-0.99,2.19
273,2018-02-12,16.05,17.35,17.45,16.05,45493,57728781.0,8.76,8.57,1.37,4.37
274,2018-02-13,17.76,16.87,17.83,16.81,33828,43328054.0,5.88,-2.77,-0.48,3.25
275,2018-02-14,16.61,16.52,16.89,16.32,18670,22987023.0,3.38,-2.07,-0.35,1.8
276,2018-02-22,16.61,16.72,16.91,16.58,15667,19630991.0,2.0,1.21,0.2,1.51
277,2018-02-23,16.55,17.24,17.7,16.48,34536,44178079.0,7.3,3.11,0.52,3.32
278,2018-02-26,17.11,17.7,17.75,16.98,38552,50436041.0,4.47,2.67,0.46,3.71
279,2018-02-27,17.7,17.54,17.7,17.36,25044,32816554.0,1.92,-0.9,-0.16,2.41
280,2018-02-28,17.3,17.53,17.56,17.23,19249,25074936.0,1.88,-0.06,-0.01,1.85
281,2018-03-01,17.49,17.63,17.71,17.31,22610,29684594.0,2.28,0.57,0.1,2.17
282,2018-03-02,17.39,17.74,18.22,17.24,31841,42466564.0,5.56,0.62,0.11,3.06
283,2018-03-05,17.59,17.49,17.61,17.36,18267,23895129.0,1.41,-1.41,-0.25,1.76
284,2018-03-06,17.48,18.14,18.22,17.23,46126,61348239.0,5.66,3.72,0.65,4.44
285,2018-03-07,18.08,17.82,18.18,17.76,25842,34713902.0,2.32,-1.76,-0.32,2.48
286,2018-03-08,17.85,18.0,18.4,17.85,30596,41531930.0,3.09,1.01,0.18,2.94
287,2018-03-09,17.88,18.11,18.39,17.5,39769,53304057.0,4.94,0.61,0.11,3.82
288,2018-03-12,18.01,18.26,18.27,17.89,31075,42208673.0,2.1,0.83,0.15,2.99
289,2018-03-13,18.26,18.05,18.8,18.02,51503,71429111.0,4.27,-1.15,-0.21,4.95
290,2018-03-14,17.91,17.5,17.92,17.49,29796,39347095.0,2.38,-3.05,-0.55,2.86
291,2018-03-15,17.43,16.98,17.56,16.68,30632,39078298.0,5.03,-2.97,-0.52,2.95
292,2018-03-16,16.92,16.85,17.05,16.8,12508,15875534.0,1.47,-0.77,-0.13,1.2
293,2018-03-19,16.79,17.01,17.18,16.76,14159,17950166.0,2.49,0.95,0.16,1.36
294,2018-03-20,16.83,16.89,17.13,16.57,12181,15435084.0,3.29,-0.71,-0.12,1.17
295,2018-03-21,16.98,17.05,17.41,16.88,20115,25861418.0,3.14,0.95,0.16,1.93
296,2018-03-22,16.91,17.1,17.45,16.79,17764,22655126.0,3.87,0.29,0.05,1.71
297,2018-03-23,16.63,16.59,17.82,16.39,43056,55250364.0,8.36,-2.98,-0.51,4.14
298,2018-03-26,16.18,16.22,16.31,15.28,26754,31547936.0,6.21,-2.23,-0.37,2.57
299,2018-03-27,16.22,16.46,16.7,16.22,19199,23607415.0,2.96,1.48,0.24,1.85
300,2018-03-28,16.29,16.23,16.41,16.16,12470,15191488.0,1.52,-1.4,-0.23,1.2
301,2018-03-29,16.39,16.57,16.62,16.28,12644,15578829.0,2.09,2.09,0.34,1.22
302,2018-03-30,16.58,16.85,16.94,16.52,16684,20894510.0,2.53,1.69,0.28,1.6
303,2018-04-02,16.85,16.83,17.07,16.72,12343,15549376.0,2.08,-0.12,-0.02,1.19
304,2018-04-03,16.74,16.63,16.91,16.33,15291,18976653.0,3.45,-1.19,-0.2,1.47
305,2018-04-04,16.75,16.63,16.94,16.58,15239,19084902.0,2.16,0.0,0.0,1.47
306,2018-04-09,16.66,16.65,16.81,16.2,12812,15857686.0,3.67,0.12,0.02,1.23
307,2018-04-10,16.63,16.63,17.04,16.5,17665,22122925.0,3.24,-0.12,-0.02,1.7
308,2018-04-11,16.58,16.78,16.84,16.32,17466,21712318.0,3.13,0.9,0.15,1.68
309,2018-04-12,16.7,16.72,16.83,16.59,11268,14099153.0,1.43,-0.36,-0.06,1.08
310,2018-04-13,16.74,16.62,16.98,16.59,15177,19101090.0,2.33,-0.6,-0.1,1.46
311,2018-04-16,16.45,16.39,16.8,16.27,21312,26387004.0,3.19,-1.38,-0.23,2.05
312,2018-04-17,16.39,16.01,16.68,15.81,14335,17435075.0,5.31,-2.32,-0.38,1.38
313,2018-04-18,16.1,15.87,16.18,15.72,17837,21194452.0,2.87,-0.87,-0.14,1.72
314,2018-04-19,15.89,15.94,16.11,15.76,15697,18689110.0,2.21,0.44,0.07,1.51
315,2018-04-20,15.88,15.67,16.1,15.42,16379,19456557.0,4.27,-1.69,-0.27,1.57
316,2018-04-23,15.5,15.54,15.68,15.42,10231,11852882.0,1.66,-0.83,-0.13,0.98
317,2018-04-24,15.66,15.75,15.8,15.5,9163,10739566.0,1.93,1.35,0.21,0.88
318,2018-04-25,15.57,15.94,15.96,15.57,12988,15331948.0,2.48,1.21,0.19,1.25
319,2018-04-26,15.9,15.79,15.94,15.62,10307,12153760.0,2.01,-0.94,-0.15,0.99
320,2018-04-27,15.79,15.98,16.11,15.74,11844,14103440.0,2.34,1.2,0.19,1.14
321,2018-05-02,16.42,16.28,16.67,16.27,40779,50267365.0,2.5,1.88,0.3,1.57
322,2018-05-03,16.07,16.26,16.27,15.87,21034,25157950.0,2.46,-0.12,-0.02,0.81
323,2018-05-04,16.07,16.42,16.58,16.07,14225,17470173.0,3.14,0.98,0.16,0.55
324,2018-05-07,16.26,16.52,16.68,16.19,16216,19940309.0,2.98,0.61,0.1,0.62
325,2018-05-08,16.52,16.63,16.84,16.45,12873,15995916.0,2.36,0.67,0.11,0.5
326,2018-05-09,16.63,16.57,16.65,16.45,11206,13867077.0,1.2,-0.36,-0.06,0.43
327,2018-05-10,16.68,16.58,16.68,16.45,8273,10220494.0,1.39,0.06,0.01,0.32
328,2018-05-11,16.63,16.57,16.63,16.46,8188,10103089.0,1.03,-0.06,-0.01,0.31
329,2018-05-14,16.54,16.45,16.67,16.15,12520,15315583.0,3.14,-0.72,-0.12,0.48
330,2018-05-15,16.39,16.35,16.42,16.2,9382,11438646.0,1.34,-0.61,-0.1,0.36
331,2018-05-16,16.37,16.45,16.52,16.35,13968,17165004.0,1.04,0.61,0.1,0.54
332,2018-05-17,16.52,16.16,16.52,16.14,18454,22492997.0,2.31,-1.76,-0.29,0.71
333,2018-05-18,16.18,16.24,16.29,16.15,25259,30571183.0,0.87,0.5,0.08,0.97
334,2018-05-21,16.22,16.63,16.65,16.22,13441,16638184.0,2.65,2.4,0.39,0.52
335,2018-05-22,16.63,16.97,16.98,16.58,19116,24087097.0,2.41,2.04,0.34,0.74
336,2018-05-23,16.97,16.89,17.15,16.78,9378,11836270.0,2.18,-0.47,-0.08,0.36
337,2018-05-24,16.96,17.05,17.1,16.71,13301,16867764.0,2.31,0.95,0.16,0.51
338,2018-05-25,17.05,17.1,17.13,16.97,12893,16466393.0,0.94,0.29,0.05,0.5
339,2018-05-28,17.14,17.32,17.36,16.83,17742,22796273.0,3.1,1.29,0.22,0.68
340,2018-05-29,17.33,17.07,17.33,16.93,9476,12116261.0,2.31,-1.44,-0.25,0.36
341,2018-05-30,16.94,16.59,16.94,16.33,13710,17015732.0,3.57,-2.81,-0.48,0.53
342,2018-05-31,16.67,16.79,16.8,16.37,8514,10596548.0,2.59,1.21,0.2,0.33
343,2018-06-01,17.57,17.53,18.43,17.33,58893,79288152.0,6.55,4.41,0.74,2.27
344,2018-06-04,16.92,16.78,17.11,16.46,32209,40269783.0,3.71,-4.28,-0.75,1.24
345,2018-06-05,16.52,16.68,16.8,16.39,21132,26161820.0,2.44,-0.6,-0.1,0.81
346,2018-06-06,16.58,16.74,16.89,16.55,11807,14743498.0,2.04,0.36,0.06,0.45
347,2018-06-07,16.74,17.36,17.41,16.65,40051,51293027.0,4.54,3.7,0.62,1.54
348,2018-06-08,17.06,16.55,17.23,16.24,35647,44203804.0,5.7,-4.67,-0.81,1.37
349,2018-06-11,16.39,16.55,16.58,16.24,12482,15328214.0,2.05,0.0,0.0,0.48
350,2018-06-12,16.52,16.68,16.81,16.42,19202,23926099.0,2.36,0.79,0.13,0.74
351,2018-06-13,16.63,16.52,16.68,16.35,8775,10827579.0,1.98,-0.96,-0.16,0.34
352,2018-06-14,16.42,16.52,16.75,16.39,6682,8272186.0,2.18,0.0,0.0,0.26
353,2018-06-15,16.42,16.39,16.5,16.13,14779,17923228.0,2.24,-0.79,-0.13,0.57
354,2018-06-19,16.29,16.13,16.29,16.06,27883,33583747.0,1.4,-1.59,-0.26,1.07
355,2018-06-20,16.11,16.1,16.39,16.1,8059,9714421.0,1.8,-0.19,-0.03,0.31
356,2018-06-21,16.11,16.15,16.28,16.07,11090,13349516.0,1.3,0.31,0.05,0.43
357,2018-06-22,16.15,16.45,16.49,16.1,10913,13245438.0,2.41,1.86,0.3,0.42
358,2018-06-25,16.42,16.44,16.75,16.28,10736,13251994.0,2.86,-0.06,-0.01,0.41
359,2018-06-26,16.28,16.48,16.68,16.24,12248,15054971.0,2.68,0.24,0.04,0.47
360,2018-06-27,16.53,16.4,16.68,16.29,6005,7350944.0,2.37,-0.49,-0.08,0.23
361,2018-06-28,16.39,16.36,16.53,16.26,8031,9830050.0,1.65,-0.24,-0.04,0.31
362,2018-06-29,16.32,16.5,16.61,16.28,13220,16282989.0,2.02,0.86,0.14,0.51
363,2018-07-02,16.5,16.33,16.5,16.22,8474,10340122.0,1.7,-1.03,-0.17,0.33
364,2018-07-03,16.33,16.36,16.39,16.2,9628,11732728.0,1.16,0.18,0.03,0.37
365,2018-07-04,16.32,16.37,16.68,16.26,12517,15398473.0,2.57,0.06,0.01,0.48
366,2018-07-05,16.31,16.24,16.31,16.16,9289,11263669.0,0.92,-0.79,-0.13,0.36
367,2018-07-06,16.68,16.68,17.23,16.36,37872,47336050.0,5.36,2.71,0.44,1.46
368,2018-07-09,16.68,16.45,16.68,16.36,25120,31002862.0,1.92,-1.38,-0.23,0.97
369,2018-07-10,16.4,16.44,16.46,16.27,19040,23267678.0,1.16,-0.06,-0.01,0.73
370,2018-07-11,16.32,16.19,16.33,16.16,12796,15532602.0,1.03,-1.52,-0.25,0.49
371,2018-07-12,16.19,16.55,16.81,16.19,25700,31691536.0,3.83,2.22,0.36,0.99
372,2018-07-13,16.45,16.58,16.68,16.26,25657,31542713.0,2.54,0.18,0.03,0.99
373,2018-07-16,16.54,16.55,16.71,16.45,8123,10044578.0,1.57,-0.18,-0.03,0.31
374,2018-07-17,16.46,16.81,17.18,16.39,29955,37453554.0,4.77,1.57,0.26,1.15
375,2018-07-18,16.71,16.83,16.88,16.52,19790,24683505.0,2.14,0.12,0.02,0.76
376,2018-07-19,16.71,16.63,16.78,16.54,10780,13410744.0,1.43,-1.19,-0.2,0.41
377,2018-07-20,16.62,16.66,16.76,16.42,12888,15992061.0,2.04,0.18,0.03,0.5
378,2018-07-23,16.66,16.79,16.85,16.58,19132,24014470.0,1.62,0.78,0.13,0.74
379,2018-07-24,16.75,16.91,17.05,16.71,20642,26068549.0,2.03,0.71,0.12,0.79
380,2018-07-25,16.88,16.89,17.06,16.74,15727,19877227.0,1.89,-0.12,-0.02,0.6
381,2018-07-26,16.85,16.74,17.01,16.68,16528,20794830.0,1.95,-0.89,-0.15,0.64
382,2018-07-27,16.74,16.79,16.93,16.71,18701,23600256.0,1.31,0.3,0.05,0.72
383,2018-07-30,16.75,16.96,17.02,16.7,24818,31371690.0,1.91,1.01,0.17,0.95
384,2018-07-31,16.85,17.19,17.31,16.85,34631,44377082.0,2.71,1.36,0.23,1.33
385,2018-08-01,17.1,16.98,17.2,16.85,23439,29890238.0,2.04,-1.22,-0.21,0.9
386,2018-08-02,17.01,17.07,17.17,16.75,30173,38250176.0,2.47,0.53,0.09,1.16
387,2018-08-03,17.06,17.32,17.36,16.98,34650,44578242.0,2.23,1.46,0.25,1.33
388,2018-08-06,17.36,17.7,17.78,17.18,54048,70894116.0,3.46,2.19,0.38,2.08
389,2018-08-07,17.7,17.71,17.74,17.43,33568,44154822.0,1.75,0.06,0.01,1.29
390,2018-08-08,17.28,17.14,17.36,16.93,36387,46696016.0,2.43,-3.22,-0.57,1.4
391,2018-08-09,17.17,17.53,18.0,17.1,43860,57628955.0,5.25,2.28,0.39,1.69
392,2018-08-10,17.33,17.35,17.53,17.17,27582,35785025.0,2.05,-1.03,-0.18,1.06
393,2018-08-13,17.3,17.28,17.36,17.06,21390,27560079.0,1.73,-0.4,-0.07,0.82
394,2018-08-14,17.22,17.23,17.45,17.07,16401,21164233.0,2.2,-0.29,-0.05,0.63
395,2018-08-15,17.23,16.92,17.23,16.87,17739,22613116.0,2.09,-1.8,-0.31,0.68
396,2018-08-16,16.91,16.71,16.92,16.49,20159,25195993.0,2.54,-1.24,-0.21,0.78
397,2018-08-17,16.72,16.61,16.87,16.54,11081,13778123.0,1.97,-0.6,-0.1,0.43
398,2018-08-20,16.61,16.61,16.65,16.28,16276,19999429.0,2.23,0.0,0.0,0.63
399,2018-08-21,16.52,16.61,16.78,16.45,10081,12504124.0,1.99,0.0,0.0,0.39
400,2018-08-22,16.67,16.57,16.71,16.46,7772,9622212.0,1.51,-0.24,-0.04,0.3
401,2018-08-23,16.52,16.59,16.65,16.45,9453,11685742.0,1.21,0.12,0.02,0.36
402,2018-08-24,16.52,16.65,16.71,16.46,10355,12836254.0,1.51,0.36,0.06,0.4
403,2018-08-27,16.55,16.66,16.72,16.45,13766,17047675.0,1.62,0.06,0.01,0.53
404,2018-08-28,16.59,16.62,16.83,16.52,8846,10987193.0,1.86,-0.24,-0.04,0.34
405,2018-08-29,16.55,16.53,16.61,16.48,4701,5807706.0,0.78,-0.54,-0.09,0.18
406,2018-08-30,16.52,16.24,16.53,16.18,12519,15257329.0,2.12,-1.75,-0.29,0.48
407,2018-08-31,16.2,16.22,16.32,16.18,8471,10255104.0,0.86,-0.12,-0.02,0.33
408,2018-09-03,16.18,16.19,16.27,16.18,20644,24980679.0,0.55,-0.18,-0.03,0.79
409,2018-09-04,16.18,16.32,16.41,16.18,10737,13020615.0,1.42,0.8,0.13,0.41
410,2018-09-05,16.26,16.2,16.39,16.18,8172,9892502.0,1.29,-0.74,-0.12,0.31
411,2018-09-06,16.18,16.26,16.33,16.18,8532,10340963.0,0.93,0.37,0.06,0.33
412,2018-09-07,16.19,16.26,16.28,16.18,9742,11800015.0,0.62,0.0,0.0,0.37
413,2018-09-10,16.19,16.2,16.23,16.18,5220,6317004.0,0.31,-0.37,-0.06,0.2
414,2018-09-11,16.18,16.2,16.2,16.18,3343,4045883.0,0.12,0.0,0.0,0.13
415,2018-09-12,16.2,16.19,16.24,16.18,4954,5995928.0,0.37,-0.06,-0.01,0.19
416,2018-09-13,16.22,16.28,16.32,16.18,7768,9418377.0,0.86,0.56,0.09,0.3
417,2018-09-14,16.24,16.23,16.36,16.18,4711,5721004.0,1.11,-0.31,-0.05,0.18
418,2018-09-17,16.19,16.19,16.28,16.16,4637,5607620.0,0.74,-0.25,-0.04,0.18
419,2018-09-18,16.18,16.29,16.45,16.18,8477,10325054.0,1.67,0.62,0.1,0.33
420,2018-09-19,16.26,16.36,16.5,16.26,13363,16345878.0,1.47,0.43,0.07,0.51
421,2018-09-20,16.29,16.32,16.45,16.26,8520,10399799.0,1.16,-0.24,-0.04,0.33
422,2018-09-21,16.29,16.54,16.61,16.26,15654,19245981.0,2.14,1.35,0.22,0.6
423,2018-09-25,16.5,16.39,16.53,16.28,9540,11666089.0,1.51,-0.91,-0.15,0.37
424,2018-09-26,16.39,16.37,16.5,16.24,15789,19296572.0,1.59,-0.12,-0.02,0.61
425,2018-09-27,16.81,16.46,17.18,16.33,30215,37791930.0,5.19,0.55,0.09,1.16
426,2018-09-28,16.29,16.41,16.52,16.23,18890,23051913.0,1.76,-0.3,-0.05,0.73
427,2018-10-08,16.31,16.19,16.52,16.11,10223,12384349.0,2.5,-1.34,-0.22,0.39
428,2018-10-09,16.19,16.19,16.35,16.15,9438,11421165.0,1.24,0.0,0.0,0.36
429,2018-10-10,16.18,16.24,16.32,16.16,4598,5564533.0,0.99,0.31,0.05,0.18
430,2018-10-11,16.19,16.07,16.19,16.05,23056,27719385.0,0.86,-1.05,-0.17,0.89
431,2018-10-12,16.06,16.28,16.39,16.06,11800,14262687.0,2.05,1.31,0.21,0.45
432,2018-10-15,16.28,16.23,16.42,16.2,4904,5969313.0,1.35,-0.31,-0.05,0.19
433,2018-10-16,16.23,16.32,16.48,16.13,7941,9674843.0,2.16,0.55,0.09,0.31
434,2018-10-17,16.35,16.37,16.42,16.22,5045,6157172.0,1.23,0.31,0.05,0.19
435,2018-10-18,16.32,16.32,16.36,16.23,5014,6100240.0,0.79,-0.31,-0.05,0.19
436,2018-10-19,16.31,16.53,16.71,16.23,12733,15644009.0,2.94,1.29,0.21,0.49
437,2018-10-22,16.42,16.89,17.17,16.4,18233,22988728.0,4.66,2.18,0.36,0.7
438,2018-10-23,16.89,16.81,16.93,16.67,7029,8823634.0,1.54,-0.47,-0.08,0.27
439,2018-10-24,16.8,16.81,16.91,16.72,5654,7109715.0,1.13,0.0,0.0,0.22
440,2018-10-25,16.75,16.78,16.81,16.59,7492,9349988.0,1.31,-0.18,-0.03,0.29
441,2018-10-26,16.84,16.91,17.01,16.7,8344,10531114.0,1.85,0.77,0.13,0.32
442,2018-10-29,16.88,16.81,16.88,16.72,3311,4160617.0,0.95,-0.59,-0.1,0.13
443,2018-10-30,16.83,16.88,17.04,16.72,7746,9778714.0,1.9,0.42,0.07,0.3
444,2018-10-31,16.88,16.98,17.07,16.81,10531,13364011.0,1.54,0.59,0.1,0.41
445,2018-11-01,17.04,16.89,17.32,16.79,12341,15686432.0,3.12,-0.53,-0.09,0.47
446,2018-11-02,16.91,17.0,17.14,16.85,11472,14559554.0,1.72,0.65,0.11,0.44
447,2018-11-05,16.96,17.06,17.17,16.85,10461,13302336.0,1.88,0.35,0.06,0.4
448,2018-11-06,17.04,17.2,17.23,16.98,14935,19143361.0,1.47,0.82,0.14,0.57
449,2018-11-07,17.17,17.19,17.3,17.09,9678,12452684.0,1.22,-0.06,-0.01,0.37
450,2018-11-08,17.2,17.26,17.36,17.13,14146,18284729.0,1.34,0.41,0.07,0.54
451,2018-11-09,17.27,17.32,17.33,17.15,8947,11550356.0,1.04,0.35,0.06,0.34
452,2018-11-12,17.33,17.41,17.45,17.26,14056,18298237.0,1.1,0.52,0.09,0.54
453,2018-11-13,17.41,17.56,17.65,17.31,22356,29289974.0,1.95,0.86,0.15,0.86
454,2018-11-14,17.57,17.35,17.57,17.33,11884,15481413.0,1.37,-1.2,-0.21,0.46
455,2018-11-15,17.37,17.13,17.4,17.0,24243,31114294.0,2.31,-1.27,-0.22,0.93
456,2018-11-16,17.15,17.26,17.43,17.05,23028,29699320.0,2.22,0.76,0.13,0.89
457,2018-11-19,17.26,17.26,17.43,17.11,14240,18383368.0,1.85,0.0,0.0,0.55
458,2018-11-20,17.17,17.1,17.24,16.98,12459,15947839.0,1.51,-0.93,-0.16,0.48
459,2018-11-21,17.07,17.09,17.17,16.87,14921,18986768.0,1.75,-0.06,-0.01,0.57
460,2018-11-22,17.04,16.97,17.19,16.92,7524,9579740.0,1.58,-0.7,-0.12,0.29
461,2018-11-23,16.98,16.66,16.98,16.53,19730,24615500.0,2.65,-1.83,-0.31,0.76
462,2018-11-26,16.61,16.62,16.66,16.53,6862,8508657.0,0.78,-0.24,-0.04,0.26
463,2018-11-27,16.61,16.59,16.78,16.53,7286,9057059.0,1.5,-0.18,-0.03,0.28
464,2018-11-28,16.58,16.67,16.78,16.53,12026,14978186.0,1.51,0.48,0.08,0.46
465,2018-11-29,16.63,16.65,16.76,16.53,8744,10891123.0,1.38,-0.12,-0.02,0.34
466,2018-11-30,16.57,16.31,16.66,16.22,15034,18390697.0,2.64,-2.04,-0.34,0.58
467,2018-12-03,16.37,16.44,16.5,16.29,17327,21227860.0,1.29,0.8,0.13,0.67
468,2018-12-04,16.33,16.32,16.39,16.19,22340,27145813.0,1.22,-0.73,-0.12,0.86
469,2018-12-05,16.19,16.42,16.45,16.19,13914,16961720.0,1.59,0.61,0.1,0.54
470,2018-12-06,16.32,16.37,16.42,16.26,14386,17553545.0,0.97,-0.3,-0.05,0.55
471,2018-12-07,16.32,16.75,16.83,16.32,25178,31355733.0,3.12,2.32,0.38,0.97
472,2018-12-10,16.66,16.76,16.92,16.63,13435,16805866.0,1.73,0.06,0.01,0.52
473,2018-12-11,16.8,16.79,16.92,16.61,12489,15639246.0,1.85,0.18,0.03,0.48
474,2018-12-12,16.87,16.93,17.24,16.84,22106,28275816.0,2.38,0.83,0.14,0.85
475,2018-12-13,17.23,16.96,17.24,16.81,33546,42801370.0,2.54,0.18,0.03,1.29
476,2018-12-14,16.75,16.5,16.84,16.35,20141,24983271.0,2.89,-2.71,-0.46,0.77
477,2018-12-17,16.45,16.48,16.62,16.31,11382,13994740.0,1.88,-0.12,-0.02,0.44
478,2018-12-18,16.32,16.45,16.55,16.32,7927,9720350.0,1.4,-0.18,-0.03,0.3
479,2018-12-19,16.49,16.42,16.58,16.36,5532,6793051.0,1.34,-0.18,-0.03,0.21
480,2018-12-20,16.37,16.39,16.45,16.28,8209,10043846.0,1.04,-0.18,-0.03,0.32
481,2018-12-21,16.39,16.35,16.42,16.29,7380,9020288.0,0.79,-0.24,-0.04,0.28
482,2018-12-24,16.35,16.42,16.52,16.32,8262,10138989.0,1.22,0.43,0.07,0.32
483,2018-12-25,16.35,16.42,16.45,16.19,12345,15040762.0,1.58,0.0,0.0,0.47
484,2018-12-26,16.39,16.41,16.45,16.33,6596,8086321.0,0.73,-0.06,-0.01,0.25
485,2018-12-27,16.45,16.41,16.55,16.32,7621,9345871.0,1.4,0.0,0.0,0.29
486,2018-12-28,16.32,16.48,16.58,16.32,8905,10959476.0,1.58,0.43,0.07,0.34
487,2019-01-02,16.52,16.55,16.67,16.48,13888,17189092.0,1.15,0.42,0.07,0.53
488,2019-01-03,16.54,16.55,16.65,16.48,12622,15624552.0,1.03,0.0,0.0,0.49
489,2019-01-04,16.49,16.74,16.75,16.31,20878,25858771.0,2.66,1.15,0.19,0.8
490,2019-01-07,16.65,16.76,16.84,16.54,23115,28838962.0,1.79,0.12,0.02,0.89
491,2019-01-08,16.71,16.66,16.75,16.57,12961,16139185.0,1.07,-0.6,-0.1,0.5
492,2019-01-09,16.68,16.7,16.84,16.59,17434,21791832.0,1.5,0.24,0.04,0.67
493,2019-01-10,16.7,16.89,16.96,16.58,25494,32049350.0,2.28,1.14,0.19,0.98
494,2019-01-11,16.84,16.93,17.01,16.76,14848,18748964.0,1.48,0.24,0.04,0.57
495,2019-01-14,16.91,16.91,16.97,16.78,13927,17588118.0,1.12,-0.12,-0.02,0.54
496,2019-01-15,16.91,16.94,17.02,16.79,15789,20004332.0,1.36,0.18,0.03,0.61
497,2019-01-16,16.94,17.05,17.13,16.91,17297,22053786.0,1.3,0.65,0.11,0.67
498,2019-01-17,17.01,16.96,17.07,16.88,12878,16345033.0,1.11,-0.53,-0.09,0.5
499,2019-01-18,16.96,16.97,17.01,16.8,14056,17757930.0,1.24,0.06,0.01,0.54
500,2019-01-21,16.97,17.02,17.14,16.89,13052,16617266.0,1.47,0.29,0.05,0.5
501,2019-01-22,17.02,16.96,17.07,16.79,14153,17905312.0,1.65,-0.35,-0.06,0.54
502,2019-01-23,16.93,17.0,17.01,16.84,9950,12603464.0,1.0,0.24,0.04,0.38
503,2019-01-24,17.04,17.05,17.15,16.89,14810,18887208.0,1.53,0.29,0.05,0.57
504,2019-01-25,17.04,17.05,17.17,16.92,13342,17009156.0,1.47,0.0,0.0,0.51
505,2019-01-28,17.04,17.0,17.07,16.91,11698,14872105.0,0.94,-0.29,-0.05,0.45
506,2019-01-29,16.98,16.83,16.98,16.52,22133,27632888.0,2.71,-1.0,-0.17,0.85
507,2019-01-30,16.53,16.54,16.7,16.5,7991,9909467.0,1.19,-1.72,-0.29,0.31
508,2019-01-31,16.45,16.29,16.5,16.2,16348,19950928.0,1.81,-1.51,-0.25,0.63
509,2019-02-01,16.29,16.53,16.61,16.28,8496,10433095.0,2.03,1.47,0.24,0.33
510,2019-02-11,16.48,16.59,16.71,16.39,13999,17280914.0,1.94,0.36,0.06,0.54
511,2019-02-12,16.58,16.54,16.61,16.45,10782,13320597.0,0.96,-0.3,-0.05,0.41
512,2019-02-13,16.54,16.68,16.79,16.46,17913,22293286.0,2.0,0.85,0.14,0.69
513,2019-02-14,16.66,16.8,16.87,16.54,15516,19338003.0,1.98,0.72,0.12,0.6
514,2019-02-15,16.75,16.8,16.91,16.66,12939,16228761.0,1.49,0.0,0.0,0.5
515,2019-02-18,16.78,17.04,17.05,16.72,21074,26732715.0,1.96,1.43,0.24,0.81
516,2019-02-19,16.97,16.98,17.14,16.85,17516,22230947.0,1.7,-0.35,-0.06,0.67
517,2019-02-20,17.49,17.0,17.95,16.98,54394,70717792.0,5.71,0.12,0.02,2.09
518,2019-02-21,16.84,16.87,17.0,16.74,33400,42052640.0,1.53,-0.76,-0.13,1.28
519,2019-02-22,16.84,16.98,17.06,16.75,22873,28913267.0,1.84,0.65,0.11,0.88
520,2019-02-25,16.97,17.52,17.57,16.93,51132,66131186.0,3.77,3.18,0.54,1.97
521,2019-02-26,17.52,17.39,17.69,17.17,46541,60550363.0,2.97,-0.74,-0.13,1.79
522,2019-02-27,17.35,17.48,17.58,17.23,34036,44329012.0,2.01,0.52,0.09,1.31
523,2019-02-28,17.4,17.83,18.01,17.36,46048,61386610.0,3.72,2.0,0.35,1.77
524,2019-03-01,17.83,17.78,17.91,17.56,28271,37512583.0,1.96,-0.28,-0.05,1.09
525,2019-03-04,17.82,17.92,18.19,17.72,51098,68639662.0,2.64,0.79,0.14,1.97
526,2019-03-05,17.88,17.96,17.98,17.75,35947,48113390.0,1.28,0.22,0.04,1.38
527,2019-03-06,17.95,17.85,18.05,17.69,50174,67147678.0,2.0,-0.61,-0.11,1.93
528,2019-03-07,17.46,18.6,19.25,17.45,85957,118083344.0,10.08,4.2,0.75,3.31
529,2019-03-08,18.08,18.01,19.05,18.01,65402,90878289.0,5.59,-3.17,-0.59,2.52
530,2019-03-11,18.04,18.63,18.86,18.02,43924,60406240.0,4.66,3.44,0.62,1.69
531,2019-03-12,18.6,18.73,18.96,18.4,50549,70859198.0,3.01,0.54,0.1,1.94
532,2019-03-13,18.73,18.53,18.86,18.31,36320,50786711.0,2.94,-1.07,-0.2,1.4
533,2019-03-14,18.5,18.0,18.53,17.85,35495,48098912.0,3.67,-2.86,-0.53,1.37
534,2019-03-15,18.01,18.1,18.4,17.95,30160,41054958.0,2.5,0.56,0.1,1.16
535,2019-03-18,18.66,18.99,19.25,18.4,69924,99054081.0,4.7,4.92,0.89,2.69
536,2019-03-19,18.82,18.82,18.88,18.57,36573,51232459.0,1.63,-0.9,-0.17,1.41
537,2019-03-20,18.79,18.52,18.79,18.4,29282,40760219.0,2.07,-1.59,-0.3,1.13
538,2019-03-21,18.53,18.53,18.82,18.41,31759,44267615.0,2.21,0.05,0.01,1.22
539,2019-03-22,18.54,18.6,18.65,18.23,29573,40981324.0,2.27,0.38,0.07,1.14
540,2019-03-25,18.41,18.36,18.44,18.24,25951,35662940.0,1.08,-1.29,-0.24,1.0
541,2019-03-26,18.34,17.91,18.41,17.67,34592,46626596.0,4.03,-2.45,-0.45,1.33
542,2019-03-27,17.96,17.88,17.98,17.69,19071,25448982.0,1.62,-0.17,-0.03,0.73
543,2019-03-28,17.88,17.67,17.98,17.53,23565,31370806.0,2.52,-1.17,-0.21,0.91
544,2019-03-29,17.59,17.82,17.88,17.33,36114,47743395.0,3.11,0.85,0.15,1.39
545,2019-04-01,17.88,17.96,18.15,17.78,50110,67419720.0,2.08,0.79,0.14,1.93
546,2019-04-02,17.98,17.87,18.11,17.84,34750,46739287.0,1.5,-0.5,-0.09,1.34
547,2019-04-03,17.8,18.02,18.04,17.63,30576,40944472.0,2.29,0.84,0.15,1.18
548,2019-04-04,18.08,17.98,18.13,17.76,31218,42064041.0,2.05,-0.22,-0.04,1.2
549,2019-04-08,18.04,17.75,18.15,17.52,32925,44057517.0,3.5,-1.28,-0.23,1.27
550,2019-04-09,17.69,17.91,18.02,17.62,24005,32116162.0,2.25,0.9,0.16,0.92
551,2019-04-10,17.78,17.72,17.87,17.56,24375,32344408.0,1.73,-1.06,-0.19,0.94
552,2019-04-11,17.72,17.82,18.15,17.63,36655,49279023.0,2.93,0.56,0.1,1.41
553,2019-04-12,17.69,18.06,18.06,17.69,24171,32506098.0,2.08,1.35,0.24,0.93
554,2019-04-15,18.17,17.89,18.47,17.88,31870,43415046.0,3.27,-0.94,-0.17,1.23
555,2019-04-16,17.71,18.4,19.13,17.53,62172,85423259.0,8.94,2.85,0.51,2.39
556,2019-04-17,18.21,18.3,18.58,18.18,38132,52567117.0,2.17,-0.54,-0.1,1.47
557,2019-04-18,18.27,18.04,18.48,18.01,31224,42761017.0,2.57,-1.42,-0.26,1.2
558,2019-04-19,17.98,18.24,18.31,17.82,30005,40590009.0,2.72,1.11,0.2,1.15
559,2019-04-22,18.43,18.15,18.63,18.15,35201,48552023.0,2.63,-0.49,-0.09,1.35
560,2019-04-23,18.24,17.93,18.26,17.84,23483,31751589.0,2.31,-1.21,-0.22,0.9
561,2019-04-24,18.05,18.65,19.1,17.91,61437,85398138.0,6.64,4.02,0.72,2.36
562,2019-04-25,18.63,17.95,18.65,17.91,43648,59841939.0,3.97,-3.75,-0.7,1.68
563,2019-04-26,17.89,17.79,18.02,17.58,30347,40396541.0,2.45,-0.89,-0.16,1.17
564,2019-04-29,17.76,17.46,17.83,17.33,30850,40448237.0,2.81,-1.85,-0.33,1.19
565,2019-04-30,17.43,17.57,17.75,17.37,19897,26150267.0,2.18,0.63,0.11,0.77
566,2019-05-06,17.36,17.11,17.49,16.84,30094,38633110.0,3.7,-2.62,-0.46,1.16
567,2019-05-07,17.14,17.15,17.3,16.92,12443,15946409.0,2.22,0.23,0.04,0.48
568,2019-05-08,17.1,17.39,17.56,16.92,21421,27707105.0,3.73,1.4,0.24,0.82
569,2019-05-09,17.3,17.33,17.4,17.13,9491,12244601.0,1.55,-0.35,-0.06,0.37
570,2019-05-10,17.39,17.61,17.67,17.26,17674,23161996.0,2.37,1.62,0.28,0.68
571,2019-05-13,17.44,17.54,17.58,17.4,10172,13330802.0,1.02,-0.4,-0.07,0.39
572,2019-05-14,17.46,17.56,17.91,17.43,12683,16744690.0,2.74,0.11,0.02,0.49
573,2019-05-15,17.62,17.74,17.76,17.52,13557,17931232.0,1.37,1.03,0.18,0.52
574,2019-05-16,17.72,17.85,17.95,17.59,16253,21681317.0,2.03,0.62,0.11,0.63
575,2019-05-17,17.98,18.1,18.61,17.91,54218,73974751.0,3.92,1.4,0.25,2.09
576,2019-05-20,18.01,17.61,18.01,17.27,31688,41699092.0,4.09,-2.71,-0.49,1.22
577,2019-05-21,17.56,17.87,18.01,17.43,23067,30647445.0,3.29,1.48,0.26,0.89
578,2019-05-22,17.87,17.97,18.04,17.62,18372,24521415.0,2.35,0.56,0.1,0.71
579,2019-05-23,17.95,17.49,17.95,17.46,17115,22637180.0,2.73,-2.67,-0.48,0.66
580,2019-05-24,17.49,17.49,17.74,17.36,11565,15178326.0,2.17,0.0,0.0,0.44
581,2019-05-27,17.5,17.8,17.84,17.37,17527,23211883.0,2.69,1.77,0.31,0.67
582,2019-05-28,17.8,17.82,18.06,17.62,19461,26090304.0,2.47,0.11,0.02,0.75
583,2019-05-29,17.8,18.11,18.3,17.62,35257,47905934.0,3.82,1.63,0.29,1.36
584,2019-05-30,17.98,18.35,18.41,17.75,38740,52956051.0,3.64,1.33,0.24,1.49
585,2019-05-31,18.35,18.26,18.49,18.08,27539,37689793.0,2.23,-0.49,-0.09,1.06
586,2019-06-03,18.49,18.52,19.18,18.27,66427,93536128.0,4.98,1.42,0.26,2.55
587,2019-06-04,18.53,18.08,18.53,17.96,32829,44633980.0,3.08,-2.38,-0.44,1.26
588,2019-06-05,18.18,18.67,18.79,18.02,54227,75411707.0,4.26,3.26,0.59,2.09
589,2019-06-06,18.61,18.44,18.62,18.15,29535,40598531.0,2.52,-1.23,-0.23,1.14
590,2019-06-11,20.23,19.13,20.23,18.67,125948,186035110.0,8.46,3.74,0.69,4.84
591,2019-06-12,18.86,19.18,19.51,18.7,69677,100053464.0,4.23,0.26,0.05,2.68
592,2019-06-13,18.93,18.92,19.31,18.87,39877,56883278.0,2.29,-1.36,-0.26,1.53
593,2019-06-14,19.12,18.45,19.14,18.34,44037,61594956.0,4.23,-2.48,-0.47,1.69
594,2019-06-17,18.47,19.05,19.26,18.3,49030,69881741.0,5.2,3.25,0.6,1.89
595,2019-06-18,18.96,19.22,19.38,18.66,50356,72335514.0,3.78,0.89,0.17,1.94
596,2019-06-19,19.32,19.08,20.16,18.93,62393,91010217.0,6.4,-0.73,-0.14,2.4
597,2019-06-20,19.05,20.19,20.87,19.01,120379,179976736.0,9.75,5.82,1.11,4.63
598,2019-06-21,20.22,20.05,20.96,19.83,99956,152454259.0,5.6,-0.69,-0.14,3.84
599,2019-06-24,20.22,22.01,22.01,20.0,124998,199604275.0,10.02,9.78,1.96,4.81
600,2019-06-25,22.01,22.37,24.17,21.42,242770,420056352.0,12.49,1.64,0.36,9.34
601,2019-06-26,21.07,20.43,21.12,20.18,169646,260308809.0,4.2,-8.67,-1.94,6.52
602,2019-06-27,20.14,20.1,20.58,19.71,70100,106018331.0,4.26,-1.62,-0.33,2.7
603,2019-06-28,20.21,20.64,20.74,19.84,87425,134003069.0,4.48,2.69,0.54,3.36
604,2019-07-01,20.68,20.29,20.74,20.05,89172,136237746.0,3.34,-1.7,-0.35,3.43
605,2019-07-02,20.06,19.79,20.09,19.75,58961,87933242.0,1.68,-2.46,-0.5,2.27
606,2019-07-03,19.77,19.61,20.0,19.3,60011,88497200.0,3.54,-0.91,-0.18,2.31
607,2019-07-04,19.75,19.52,19.75,19.31,29375,42996039.0,2.24,-0.46,-0.09,1.13
608,2019-07-05,19.58,19.53,19.71,19.26,23394,34280872.0,2.31,0.05,0.01,0.9
609,2019-07-08,19.54,18.88,19.74,18.73,41782,59942552.0,5.17,-3.33,-0.65,1.61
610,2019-07-09,18.8,18.95,19.05,18.73,20790,29549354.0,1.69,0.37,0.07,0.8
611,2019-07-10,19.02,18.79,19.1,18.66,24943,35260007.0,2.32,-0.84,-0.16,0.96
612,2019-07-11,19.0,18.84,19.02,18.66,18487,26145623.0,1.92,0.27,0.05,0.71
613,2019-07-12,18.69,18.74,18.92,18.66,14988,21093772.0,1.38,-0.53,-0.1,0.58
614,2019-07-15,18.74,19.06,19.3,18.67,32403,46124922.0,3.36,1.71,0.32,1.25
615,2019-07-16,19.06,19.04,19.14,18.84,20192,28722451.0,1.57,-0.1,-0.02,0.78
616,2019-07-17,19.05,19.05,19.31,18.88,19360,27658232.0,2.26,0.05,0.01,0.74
617,2019-07-18,18.92,18.74,18.96,18.66,19177,26984308.0,1.57,-1.63,-0.31,0.74
618,2019-07-19,18.79,18.78,19.05,18.7,20948,29589454.0,1.87,0.21,0.04,0.81
619,2019-07-22,18.78,18.83,19.14,18.7,23940,33862339.0,2.34,0.27,0.05,0.92
620,2019-07-23,18.83,18.92,18.97,18.71,17614,24882129.0,1.38,0.48,0.09,0.68
621,2019-07-24,18.92,18.99,19.05,18.84,22849,32532319.0,1.11,0.37,0.07,0.88
622,2019-07-25,18.99,18.88,19.02,18.79,17519,24814099.0,1.21,-0.58,-0.11,0.67
623,2019-07-26,18.86,18.73,18.91,18.63,23756,33382176.0,1.48,-0.79,-0.15,0.91
624,2019-07-29,18.73,18.65,18.78,18.62,17894,25073620.0,0.85,-0.43,-0.08,0.69
625,2019-07-30,18.66,18.8,19.12,18.63,18733,26481292.0,2.63,0.8,0.15,0.72
626,2019-07-31,18.86,18.76,18.96,18.69,10988,15474798.0,1.44,-0.21,-0.04,0.42
627,2019-08-01,18.71,18.54,18.71,18.41,27513,38343119.0,1.6,-1.17,-0.22,1.06
628,2019-08-02,18.39,17.98,18.39,17.78,34709,46955547.0,3.29,-3.02,-0.56,1.33
629,2019-08-05,17.82,17.53,17.88,17.53,18678,24743182.0,1.95,-2.5,-0.45,0.72
630,2019-08-06,17.23,17.0,17.35,16.85,30664,39089013.0,2.85,-3.02,-0.53,1.18
631,2019-08-07,17.0,17.02,17.28,17.0,12243,15647013.0,1.65,0.12,0.02,0.47
632,2019-08-08,16.98,17.01,17.18,16.87,12544,15935872.0,1.82,-0.06,-0.01,0.48
633,2019-08-09,17.02,17.01,17.23,16.91,11841,15097389.0,1.88,0.0,0.0,0.46
634,2019-08-12,17.01,17.71,17.85,16.97,31240,40717028.0,5.17,4.12,0.7,1.2
635,2019-08-13,17.71,17.54,17.75,17.37,12593,16503752.0,2.15,-0.96,-0.17,0.48
636,2019-08-14,17.62,17.85,18.14,17.56,23674,31633745.0,3.31,1.77,0.31,0.91
637,2019-08-15,17.52,17.78,18.0,17.44,16205,21450973.0,3.14,-0.39,-0.07,0.62
638,2019-08-16,17.78,17.96,18.14,17.66,19622,26382118.0,2.7,1.01,0.18,0.75
639,2019-08-19,17.97,18.21,18.4,17.88,21561,29351561.0,2.9,1.39,0.25,0.83
640,2019-08-20,18.21,18.05,18.22,17.89,16646,22498075.0,1.81,-0.88,-0.16,0.64
641,2019-08-21,18.09,17.97,18.09,17.79,11806,15833248.0,1.66,-0.44,-0.08,0.45
642,2019-08-22,17.93,17.95,18.32,17.78,13789,18539656.0,3.01,-0.11,-0.02,0.53
643,2019-08-23,17.97,17.93,18.08,17.83,7620,10241235.0,1.39,-0.11,-0.02,0.29
644,2019-08-26,17.76,17.61,17.82,17.61,8231,10899766.0,1.17,-1.78,-0.32,0.32
645,2019-08-27,17.69,17.91,17.98,17.63,15958,21320508.0,1.99,1.7,0.3,0.61
646,2019-08-28,17.89,17.85,17.91,17.74,9564,12788972.0,0.95,-0.34,-0.06,0.37
647,2019-08-29,17.85,17.63,17.85,17.52,14600,19287517.0,1.85,-1.23,-0.22,0.56
648,2019-08-30,17.84,17.54,17.95,17.45,15987,21093339.0,2.84,-0.51,-0.09,0.61
649,2019-09-02,17.5,17.71,17.85,17.41,13783,18204463.0,2.51,0.97,0.17,0.53
650,2019-09-03,17.71,17.72,17.8,17.61,11111,14716829.0,1.07,0.06,0.01,0.43
651,2019-09-04,17.7,17.92,18.05,17.63,17726,23718577.0,2.37,1.13,0.2,0.68
652,2019-09-05,17.89,18.0,18.19,17.83,25907,34987012.0,2.01,0.45,0.08,1.0
653,2019-09-06,18.01,18.02,18.1,17.87,13525,18210396.0,1.28,0.11,0.02,0.52
654,2019-09-09,18.04,19.04,19.12,18.02,87937,123904813.0,6.1,5.66,1.02,3.38
655,2019-09-10,19.01,19.15,19.38,18.67,56352,80565448.0,3.73,0.58,0.11,2.17
656,2019-09-11,19.14,18.92,19.18,18.86,25752,36696824.0,1.67,-1.2,-0.23,0.99
657,2019-09-12,18.93,19.39,19.56,18.83,38753,55761647.0,3.86,2.48,0.47,1.49
658,2019-09-16,19.32,19.22,19.54,19.0,36885,53225544.0,2.78,-0.88,-0.17,1.42
659,2019-09-17,19.14,18.8,19.14,18.67,25937,36558485.0,2.45,-2.19,-0.42,1.0
660,2019-09-18,18.79,18.79,18.83,18.69,14905,20956269.0,0.74,-0.05,-0.01,0.57
661,2019-09-19,18.83,18.95,19.13,18.71,22285,31649969.0,2.24,0.85,0.16,0.86
662,2019-09-20,19.09,19.12,19.35,18.88,26440,37969839.0,2.48,0.9,0.17,1.02
663,2019-09-23,19.05,18.99,19.06,18.86,15234,21620172.0,1.05,-0.68,-0.13,0.59
664,2019-09-24,19.02,19.1,19.36,18.89,20184,28902194.0,2.47,0.58,0.11,0.78
665,2019-09-25,19.1,19.23,19.27,18.86,29577,42388753.0,2.15,0.68,0.13,1.14
666,2019-09-26,19.25,19.74,20.16,19.25,63943,94542640.0,4.73,2.65,0.51,2.46
667,2019-09-27,19.7,19.69,19.8,19.41,34848,51277222.0,1.98,-0.25,-0.05,1.34
668,2019-09-30,19.64,19.64,19.7,19.51,19218,28262589.0,0.96,-0.25,-0.05,0.74
669,2019-10-08,19.64,19.73,19.87,19.51,30286,44818963.0,1.83,0.46,0.09,1.16
670,2019-10-09,19.7,19.44,19.7,19.44,23893,35026321.0,1.32,-1.47,-0.29,0.92
671,2019-10-10,19.44,19.41,19.47,19.17,20672,29907370.0,1.54,-0.15,-0.03,0.8
672,2019-10-11,19.41,19.51,19.58,19.27,18330,26718727.0,1.6,0.52,0.1,0.7
673,2019-10-14,19.51,19.66,19.83,19.49,19071,28183325.0,1.74,0.77,0.15,0.73
674,2019-10-15,19.69,19.61,19.69,19.44,14220,20812715.0,1.27,-0.25,-0.05,0.55
675,2019-10-16,19.56,19.52,19.67,19.44,10190,14919425.0,1.17,-0.46,-0.09,0.39
676,2019-10-17,19.51,19.52,19.7,19.43,10455,15330656.0,1.38,0.0,0.0,0.4
677,2019-10-18,19.52,19.34,19.57,19.34,13200,19244613.0,1.18,-0.92,-0.18,0.51
678,2019-10-21,19.62,19.4,19.62,19.31,10505,15293727.0,1.6,0.31,0.06,0.4
679,2019-10-22,19.38,19.66,19.7,19.31,15189,22210074.0,2.01,1.34,0.26,0.58
680,2019-10-23,19.64,20.23,20.48,19.53,49014,74195955.0,4.83,2.9,0.57,1.89
681,2019-10-24,20.13,20.23,20.42,20.04,21249,32213580.0,1.88,0.0,0.0,0.82
682,2019-10-25,20.27,20.61,20.61,20.06,35376,54279906.0,2.72,1.88,0.38,1.36
683,2019-10-28,20.51,19.86,20.52,19.64,46428,69667133.0,4.27,-3.64,-0.75,1.79
684,2019-10-29,19.87,19.73,19.9,19.66,18977,28127985.0,1.21,-0.65,-0.13,0.73
685,2019-10-30,19.75,19.65,19.78,19.65,16627,24606085.0,0.66,-0.41,-0.08,0.64
686,2019-10-31,19.7,18.73,20.03,18.66,33308,47643268.0,6.97,-4.68,-0.92,1.28
687,2019-11-01,18.66,18.62,18.71,18.43,18423,25586508.0,1.49,-0.59,-0.11,0.71
688,2019-11-04,18.69,18.52,18.76,18.4,13488,18781976.0,1.93,-0.54,-0.1,0.52
689,2019-11-05,18.6,18.48,18.6,18.41,12837,17754762.0,1.03,-0.22,-0.04,0.49
690,2019-11-06,18.47,18.52,18.62,18.4,9895,13710326.0,1.19,0.22,0.04,0.38
691,2019-11-07,18.48,18.58,18.79,18.43,10447,14548023.0,1.94,0.32,0.06,0.4
692,2019-11-08,18.53,18.48,18.6,18.43,7852,10880649.0,0.91,-0.54,-0.1,0.3
693,2019-11-11,18.47,18.44,18.5,18.43,9680,13391522.0,0.38,-0.22,-0.04,0.37
694,2019-11-12,18.43,18.56,18.6,18.43,8804,12201521.0,0.92,0.65,0.12,0.34
695,2019-11-13,18.49,18.52,18.71,18.43,6868,9537081.0,1.51,-0.22,-0.04,0.26
696,2019-11-14,18.47,18.47,18.62,18.43,7512,10414394.0,1.03,-0.27,-0.05,0.29
697,2019-11-15,18.45,18.37,18.49,18.37,13233,18276322.0,0.65,-0.54,-0.1,0.51
698,2019-11-18,18.28,18.01,18.52,18.01,12444,16865633.0,2.78,-1.96,-0.36,0.48
699,2019-11-19,18.04,18.22,18.35,18.01,11588,15771988.0,1.89,1.17,0.21,0.45
700,2019-11-20,18.14,18.11,18.26,18.09,6807,9267193.0,0.93,-0.6,-0.11,0.26
701,2019-11-21,18.08,18.09,18.17,18.02,5242,7098237.0,0.83,-0.11,-0.02,0.2
702,2019-11-22,18.06,18.05,18.09,18.0,7698,10408178.0,0.5,-0.22,-0.04,0.3
703,2019-11-25,18.02,18.08,18.08,18.01,19239,25995497.0,0.39,0.17,0.03,0.74
704,2019-11-26,18.04,18.22,18.24,18.01,20058,27137618.0,1.27,0.77,0.14,0.77
705,2019-11-27,18.27,18.17,18.36,18.14,13617,18645280.0,1.21,-0.27,-0.05,0.52
706,2019-11-28,18.06,18.11,18.21,18.01,13998,18936782.0,1.1,-0.33,-0.06,0.54
707,2019-11-29,18.11,18.09,18.11,18.04,7624,10320179.0,0.39,-0.11,-0.02,0.29
708,2019-12-02,18.08,18.04,18.3,18.04,9204,12509337.0,1.44,-0.28,-0.05,0.35
709,2019-12-03,18.04,18.14,18.18,18.04,7267,9845646.0,0.78,0.55,0.1,0.28
710,2019-12-04,18.11,18.1,18.14,18.05,6092,8263797.0,0.5,-0.22,-0.04,0.23
711,2019-12-05,18.08,18.26,18.34,18.08,13626,18627758.0,1.44,0.88,0.16,0.52
712,2019-12-06,18.23,18.34,18.37,18.14,9675,13235655.0,1.26,0.44,0.08,0.37
713,2019-12-09,18.27,18.31,18.36,18.18,10081,13809887.0,0.98,-0.16,-0.03,0.39
714,2019-12-10,18.27,18.44,18.52,18.22,11326,15626438.0,1.64,0.71,0.13,0.44
715,2019-12-11,18.4,18.37,18.49,18.32,8379,11560219.0,0.92,-0.38,-0.07,0.32
716,2019-12-12,18.37,18.67,18.76,18.31,21585,30101849.0,2.45,1.63,0.3,0.83
717,2019-12-13,18.67,18.78,18.93,18.56,19466,27423689.0,1.98,0.59,0.11,0.75
718,2019-12-16,18.76,18.96,19.05,18.67,15318,21671709.0,2.02,0.96,0.18,0.59
719,2019-12-17,18.96,18.96,19.05,18.87,16851,23958575.0,0.95,0.0,0.0,0.65
720,2019-12-18,18.95,19.05,19.18,18.86,23402,33446063.0,1.69,0.47,0.09,0.9
721,2019-12-19,19.05,19.04,19.14,18.96,16606,23702091.0,0.94,-0.05,-0.01,0.64
722,2019-12-20,19.04,19.1,19.23,18.86,25286,36096432.0,1.94,0.32,0.06,0.97
723,2019-12-23,19.02,18.84,19.12,18.8,22468,31862177.0,1.68,-1.36,-0.26,0.86
724,2019-12-24,18.82,18.76,18.87,18.73,15118,21291965.0,0.74,-0.42,-0.08,0.58
725,2019-12-25,18.75,18.75,18.84,18.74,10229,14399111.0,0.53,-0.05,-0.01,0.39
726,2019-12-26,18.75,18.69,18.8,18.62,16797,23558039.0,0.96,-0.32,-0.06,0.65
727,2019-12-27,18.67,18.7,18.78,18.65,13296,18650545.0,0.7,0.05,0.01,0.51
728,2019-12-30,18.66,19.13,19.49,18.66,34568,49666180.0,4.44,2.3,0.43,1.33
729,2019-12-31,19.05,19.08,19.12,18.87,19066,27173750.0,1.31,-0.26,-0.05,0.73
730,2020-01-02,19.08,19.13,19.21,19.01,22976,32956477.0,1.05,0.26,0.05,0.88
731,2020-01-03,19.13,19.28,19.4,19.08,32737,47310553.0,1.67,0.78,0.15,1.26
732,2020-01-06,19.15,19.18,19.36,18.99,30321,43581862.0,1.92,-0.52,-0.1,1.17
733,2020-01-07,19.18,19.05,19.23,19.0,20151,28830790.0,1.2,-0.68,-0.13,0.78
734,2020-01-08,19.02,18.92,19.04,18.91,21096,29997323.0,0.68,-0.68,-0.13,0.81
735,2020-01-09,18.95,18.99,19.08,18.92,20528,29239321.0,0.85,0.37,0.07,0.79
736,2020-01-10,18.99,18.92,19.04,18.91,19555,27802850.0,0.68,-0.37,-0.07,0.75
737,2020-01-13,18.96,18.99,19.04,18.91,16297,23196450.0,0.69,0.37,0.07,0.63
738,2020-01-14,18.99,19.12,19.26,18.92,27233,38980137.0,1.79,0.68,0.13,1.05
739,2020-01-15,19.09,19.13,19.3,18.96,30065,43063131.0,1.78,0.05,0.01,1.16
740,2020-01-16,19.14,19.13,19.18,19.01,22208,31818832.0,0.89,0.0,0.0,0.85
741,2020-01-17,19.12,19.22,19.25,19.05,30956,44554928.0,1.05,0.47,0.09,1.19
742,2020-01-20,19.19,19.21,19.26,19.09,26929,38739544.0,0.88,-0.05,-0.01,1.04
743,2020-01-21,19.19,19.05,19.19,18.93,27680,39524105.0,1.35,-0.83,-0.16,1.06
744,2020-01-22,18.99,19.17,19.28,18.91,27828,39856701.0,1.94,0.63,0.12,1.07
745,2020-01-23,19.09,18.92,19.13,18.91,22018,31355707.0,1.15,-1.3,-0.25,0.85
746,2020-02-03,17.98,17.19,18.0,17.14,67567,88402772.0,4.55,-9.14,-1.73,2.6
747,2020-02-04,17.19,17.59,17.75,17.0,22382,29258065.0,4.36,2.33,0.4,0.86
748,2020-02-05,17.57,17.72,17.88,17.49,19085,25324716.0,2.22,0.74,0.13,0.73
749,2020-02-06,18.04,18.6,18.73,17.76,38866,53093494.0,5.47,4.97,0.88,1.49
750,2020-02-07,18.47,18.35,18.52,18.14,25154,34501025.0,2.04,-1.34,-0.25,0.97
751,2020-02-10,18.24,19.12,19.18,18.1,50830,71204425.0,5.89,4.2,0.77,1.96
752,2020-02-11,18.92,18.54,19.0,18.47,34398,48157985.0,2.77,-3.03,-0.58,1.32
753,2020-02-12,18.6,18.63,18.92,18.43,21169,29647592.0,2.64,0.49,0.09,0.81
754,2020-02-13,18.69,18.4,18.69,18.3,21138,29213729.0,2.09,-1.23,-0.23,0.81
755,2020-02-14,18.35,18.6,18.79,18.31,22763,31632459.0,2.61,1.09,0.2,0.88
756,2020-02-17,18.66,19.04,19.17,18.66,55306,78869735.0,2.74,2.37,0.44,2.13
757,2020-02-18,18.86,19.04,19.25,18.79,40642,57937009.0,2.42,0.0,0.0,1.56
758,2020-02-19,19.04,19.44,19.69,18.84,77273,112098815.0,4.46,2.1,0.4,2.97
759,2020-02-20,19.43,19.57,19.77,19.13,64778,94700865.0,3.29,0.67,0.13,2.49
760,2020-02-21,19.31,19.05,19.47,19.0,65498,94438709.0,2.4,-2.66,-0.52,2.52
761,2020-02-24,18.73,18.78,18.99,18.61,45290,63786150.0,1.99,-1.42,-0.27,1.74
762,2020-02-25,18.39,18.22,18.53,18.11,50400,69003706.0,2.24,-2.98,-0.56,1.94
763,2020-02-26,19.04,19.25,19.69,18.89,155325,225354720.0,4.39,5.65,1.03,5.97
764,2020-02-27,19.31,18.69,19.43,18.53,82456,116874694.0,4.68,-2.91,-0.56,3.17
765,2020-02-28,18.13,17.57,18.13,17.49,71462,94855380.0,3.42,-5.99,-1.12,2.75
766,2020-03-02,17.65,17.95,18.24,17.56,41446,55485344.0,3.87,2.16,0.38,1.59
767,2020-03-03,18.4,18.26,18.58,18.06,49361,67864227.0,2.9,1.73,0.31,1.9
768,2020-03-04,17.95,18.37,18.66,17.84,46883,64119851.0,4.49,0.6,0.11,1.8
769,2020-03-05,18.43,18.4,18.61,18.22,47698,65821153.0,2.12,0.16,0.03,1.83
770,2020-03-06,18.14,18.15,18.32,18.08,26999,36826641.0,1.3,-1.36,-0.25,1.04
771,2020-03-09,17.39,17.46,17.89,17.39,42131,55384106.0,2.75,-3.8,-0.69,1.62
772,2020-03-10,17.36,17.92,18.01,17.3,33788,44486701.0,4.07,2.63,0.46,1.3
773,2020-03-11,17.93,18.17,18.3,17.78,34047,45991912.0,2.9,1.4,0.25,1.31
774,2020-03-12,17.97,17.91,18.06,17.8,20996,28184704.0,1.43,-1.43,-0.26,0.81
775,2020-03-13,17.33,17.65,17.74,17.27,26408,34687823.0,2.62,-1.45,-0.26,1.02
776,2020-03-16,17.66,17.33,17.82,17.33,21851,28596755.0,2.78,-1.81,-0.32,0.84
777,2020-03-17,17.41,17.27,17.44,17.1,18421,23761233.0,1.96,-0.35,-0.06,0.71
778,2020-03-18,17.37,17.17,17.56,17.15,18349,23787590.0,2.37,-0.58,-0.1,0.71
779,2020-03-19,17.27,17.36,17.43,17.1,16484,21230808.0,1.92,1.11,0.19,0.63
780,2020-03-20,17.39,17.36,17.43,17.22,12764,16549835.0,1.21,0.0,0.0,0.49
781,2020-03-23,17.17,17.13,17.27,17.1,12172,15620635.0,0.98,-1.32,-0.23,0.47
782,2020-03-24,17.24,17.35,17.39,17.1,21357,27546025.0,1.69,1.28,0.22,0.82
783,2020-03-25,17.37,17.57,17.74,17.32,27180,35654211.0,2.42,1.27,0.22,1.05
784,2020-03-26,17.49,17.61,17.74,17.36,23960,31527085.0,2.16,0.23,0.04,0.92
785,2020-03-27,17.61,17.44,17.61,17.37,13245,17323314.0,1.36,-0.97,-0.17,0.51
786,2020-03-30,17.27,17.52,17.69,17.23,29261,38334920.0,2.64,0.46,0.08,1.13
787,2020-03-31,17.5,17.89,18.19,17.4,49007,65166739.0,4.51,2.11,0.37,1.88
788,2020-04-01,17.75,17.4,17.89,17.4,32826,43134119.0,2.74,-2.74,-0.49,1.26
789,2020-04-02,17.36,17.37,17.4,17.22,21169,27407884.0,1.03,-0.17,-0.03,0.81
790,2020-04-03,17.39,17.2,17.43,17.2,15939,20641111.0,1.32,-0.98,-0.17,0.61
791,2020-04-07,17.36,17.62,17.74,17.28,41155,54038110.0,2.67,2.44,0.42,1.58
792,2020-04-08,17.53,17.44,17.62,17.39,27146,35479930.0,1.31,-1.02,-0.18,1.04
793,2020-04-09,17.49,17.43,17.59,17.4,22342,29228349.0,1.09,-0.06,-0.01,0.86
794,2020-04-10,17.49,17.41,17.57,17.39,25332,33078884.0,1.03,-0.11,-0.02,0.97
795,2020-04-13,19.1,19.1,19.1,18.6,339070,485521648.0,2.87,9.71,1.69,13.04
796,2020-04-14,18.27,18.82,18.82,18.14,151106,208989920.0,3.56,-1.47,-0.28,5.81
797,2020-04-15,18.28,18.18,18.78,18.14,96478,132988889.0,3.4,-3.4,-0.64,3.71
798,2020-04-16,18.18,17.83,18.18,17.72,80102,107245329.0,2.53,-1.93,-0.35,3.08
799,2020-04-17,17.72,17.72,17.92,17.67,65495,87258188.0,1.4,-0.62,-0.11,2.52
800,2020-04-20,17.83,17.74,17.89,17.66,40126,53362805.0,1.3,0.11,0.02,1.54
801,2020-04-21,17.66,17.72,17.95,17.54,58861,78263992.0,2.31,-0.11,-0.02,2.26
802,2020-04-22,17.65,17.7,17.83,17.49,63265,83596855.0,1.92,-0.11,-0.02,2.43
803,2020-04-23,17.72,17.62,17.82,17.54,61662,81584294.0,1.58,-0.45,-0.08,2.37
804,2020-04-24,17.66,17.49,17.76,17.32,86530,113235720.0,2.5,-0.74,-0.13,3.33
805,2020-04-27,17.36,17.5,17.75,17.32,48875,64229187.0,2.46,0.06,0.01,1.88
806,2020-04-28,17.46,17.43,17.58,17.23,64218,83646024.0,2.0,-0.4,-0.07,2.47
807,2020-04-29,17.32,17.31,17.43,17.27,40667,52700661.0,0.92,-0.69,-0.12,1.56
808,2020-04-30,17.36,17.43,17.49,17.32,34049,44332481.0,0.98,0.69,0.12,1.31
809,2020-05-06,17.43,17.58,17.62,17.36,36604,47860937.0,1.49,0.86,0.15,1.41
810,2020-05-07,17.52,17.46,17.53,17.39,27471,35932438.0,0.8,-0.68,-0.12,1.06
811,2020-05-08,17.49,17.63,17.84,17.49,66999,88468583.0,2.0,0.97,0.17,2.58
812,2020-05-11,17.63,17.8,18.0,17.43,92694,123104301.0,3.23,0.96,0.17,3.57
813,2020-05-12,17.8,18.15,18.66,17.8,142599,195312187.0,4.83,1.97,0.35,5.48
814,2020-05-13,18.18,18.11,18.36,17.78,107548,145381762.0,3.2,-0.22,-0.04,4.14
815,2020-05-14,18.01,18.02,18.7,17.88,90769,124084629.0,4.53,-0.5,-0.09,3.49
816,2020-05-15,18.14,17.76,18.21,17.74,58229,77880484.0,2.61,-1.44,-0.26,2.24
817,2020-05-18,17.76,17.45,17.76,17.39,45914,60310187.0,2.08,-1.75,-0.31,1.77
818,2020-05-19,17.57,17.53,17.71,17.44,36231,47652946.0,1.55,0.46,0.08,1.39
819,2020-05-20,17.43,17.44,17.62,17.37,34384,44947890.0,1.43,-0.51,-0.09,1.32
820,2020-05-21,17.49,17.46,17.5,17.33,34874,45403255.0,0.97,0.11,0.02,1.34
821,2020-05-22,17.43,17.43,17.5,17.36,26259,34236001.0,0.8,-0.17,-0.03,1.01
822,2020-05-25,17.43,17.36,17.45,17.23,29095,37679851.0,1.26,-0.4,-0.07,1.12
823,2020-05-26,17.32,17.44,17.54,17.32,22332,29173185.0,1.27,0.46,0.08,0.86
824,2020-05-27,17.43,17.36,17.59,17.31,25690,33497342.0,1.61,-0.46,-0.08,0.99
825,2020-05-28,17.33,17.46,17.46,17.23,31869,41309918.0,1.32,0.58,0.1,1.23
826,2020-05-29,17.4,17.5,17.5,17.33,20182,26372069.0,0.97,0.23,0.04,0.78
827,2020-06-01,17.44,17.58,17.62,17.44,35577,46791027.0,1.03,0.46,0.08,1.37
828,2020-06-02,17.59,17.49,17.61,17.44,25258,33125484.0,0.97,-0.51,-0.09,0.97
829,2020-06-03,17.5,17.5,17.62,17.48,19026,24982816.0,0.8,0.06,0.01,0.73
830,2020-06-04,17.49,17.48,17.59,17.46,18773,24626683.0,0.74,-0.11,-0.02,0.72
831,2020-06-05,17.48,17.57,17.58,17.46,23916,31437157.0,0.69,0.51,0.09,0.92
832,2020-06-08,17.69,17.61,17.79,17.56,26576,35095292.0,1.31,0.23,0.04,1.02
833,2020-06-09,17.61,17.76,17.87,17.58,40178,53373935.0,1.65,0.85,0.15,1.55
834,2020-06-10,17.75,17.36,17.76,17.27,40229,52623378.0,2.76,-2.25,-0.4,1.55
835,2020-06-11,17.1,17.01,17.27,16.84,80747,103259371.0,2.48,-2.02,-0.35,3.11
836,2020-06-12,16.93,17.24,17.4,16.91,45166,58305763.0,2.88,1.35,0.23,1.74
837,2020-06-15,17.3,17.27,17.4,17.2,33098,42871179.0,1.16,0.17,0.03,1.27
838,2020-06-16,17.27,17.57,17.65,17.26,33134,43369147.0,2.26,1.74,0.3,1.27
839,2020-06-17,17.5,17.85,17.89,17.36,49214,65396258.0,3.02,1.59,0.28,1.89
840,2020-06-18,17.85,17.83,17.97,17.62,34689,46325454.0,1.96,-0.11,-0.02,1.33
841,2020-06-19,17.83,17.85,18.0,17.7,25168,33689498.0,1.68,0.11,0.02,0.97
842,2020-06-22,17.84,17.97,18.0,17.74,28847,38657192.0,1.46,0.67,0.12,1.11
843,2020-06-23,17.89,17.8,18.02,17.37,23528,31371541.0,3.62,-0.95,-0.17,0.9
844,2020-06-24,17.88,18.08,18.22,17.71,37166,50004919.0,2.87,1.57,0.28,1.43
845,2020-06-29,17.95,17.82,18.11,17.66,25991,34670962.0,2.49,-1.44,-0.26,1.0
846,2020-06-30,18.0,17.84,18.09,17.74,18797,25185266.0,1.96,0.11,0.02,0.72
847,2020-07-01,17.98,18.18,18.22,17.85,36026,48683661.0,2.07,1.91,0.34,1.39
848,2020-07-02,18.14,18.21,18.36,18.01,45017,61423024.0,1.93,0.17,0.03,1.73
849,2020-07-03,18.11,18.4,18.6,18.11,47997,66007806.0,2.69,1.04,0.19,1.85
850,2020-07-06,18.4,18.7,18.91,18.36,53100,74068495.0,2.99,1.63,0.3,2.04
851,2020-07-07,18.61,18.99,19.3,18.49,59818,84660068.0,4.33,1.55,0.29,2.3
852,2020-07-08,18.92,19.04,19.12,18.7,46975,66760380.0,2.21,0.26,0.05,1.81
853,2020-07-09,19.06,19.31,19.7,18.97,55097,79683434.0,3.83,1.42,0.27,2.12
854,2020-07-10,19.18,18.95,19.3,18.95,43075,61723725.0,1.81,-1.86,-0.36,1.66
855,2020-07-13,18.87,19.25,19.31,18.87,51935,74783191.0,2.32,1.58,0.3,2.0
856,2020-07-14,19.22,19.23,19.35,18.8,43003,61587780.0,2.86,-0.1,-0.02,1.65
857,2020-07-15,19.1,19.1,19.28,18.8,30263,43113194.0,2.5,-0.68,-0.13,1.16
858,2020-07-16,18.99,18.66,19.13,18.56,30396,42769945.0,2.98,-2.3,-0.44,1.17
859,2020-07-17,18.58,19.09,19.14,18.47,41114,57935732.0,3.59,2.3,0.43,1.58
860,2020-07-20,19.15,19.19,19.31,19.04,43899,63172773.0,1.41,0.52,0.1,1.69
861,2020-07-21,19.19,19.23,19.31,18.92,31286,44971185.0,2.03,0.21,0.04,1.2
862,2020-07-22,19.08,19.39,19.71,19.08,39660,57860778.0,3.28,0.83,0.16,1.53
863,2020-07-23,19.6,20.55,20.71,19.32,100242,150924226.0,7.17,5.98,1.16,3.86
864,2020-07-24,20.48,20.3,21.21,20.09,108160,168033287.0,5.45,-1.22,-0.25,4.16
865,2020-07-27,20.18,20.34,20.99,19.92,60053,91469826.0,5.27,0.2,0.04,2.31
866,2020-07-28,20.18,21.16,21.4,20.13,84302,132284378.0,6.24,4.03,0.82,3.24
867,2020-07-29,20.87,21.04,21.16,20.65,51725,81314496.0,2.41,-0.57,-0.12,1.99
868,2020-07-30,21.04,21.46,21.61,20.83,58697,93860784.0,3.71,2.0,0.42,2.26
869,2020-07-31,21.42,21.53,21.6,21.16,44095,70996083.0,2.05,0.33,0.07,1.7
870,2020-08-03,21.51,21.04,21.59,20.74,89989,142772927.0,3.95,-2.28,-0.49,3.46
871,2020-08-04,21.05,21.05,21.1,20.74,45584,71777908.0,1.71,0.05,0.01,1.75
872,2020-08-05,21.04,21.36,21.47,20.9,36078,57815670.0,2.71,1.47,0.31,1.39
873,2020-08-06,21.26,21.72,21.78,21.14,40732,65685408.0,3.0,1.69,0.36,1.57
874,2020-08-07,21.72,22.01,22.4,21.52,47311,77958333.0,4.05,1.34,0.29,1.82
875,2020-08-10,21.91,21.86,22.03,21.56,27907,45812984.0,2.14,-0.68,-0.15,1.07
876,2020-08-11,21.95,21.9,22.25,21.6,37914,62488438.0,2.97,0.18,0.04,1.46
877,2020-08-12,21.85,21.65,22.72,21.36,31361,51013311.0,6.21,-1.14,-0.25,1.21
878,2020-08-13,21.65,21.98,22.3,21.57,36270,60207266.0,3.37,1.52,0.33,1.39
879,2020-08-14,21.91,22.37,22.55,21.65,46387,77177963.0,4.09,1.77,0.39,1.78
880,2020-08-17,22.35,23.95,24.07,22.12,76954,136204653.0,8.72,7.06,1.58,2.96
881,2020-08-18,23.44,21.6,23.47,21.6,55182,91504436.0,7.81,-9.81,-2.35,2.12
882,2020-08-19,19.48,19.57,20.19,19.48,265010,391237168.0,3.29,-9.4,-2.03,10.19
883,2020-08-20,19.25,18.99,19.52,18.86,99858,143882378.0,3.37,-2.96,-0.58,3.84
884,2020-08-21,19.05,18.88,19.13,18.71,67259,95305694.0,2.21,-0.58,-0.11,2.59
885,2020-08-24,18.88,18.93,19.05,18.61,58051,81854442.0,2.33,0.26,0.05,2.23
886,2020-08-25,18.95,18.79,19.01,18.69,41352,58340415.0,1.69,-0.74,-0.14,1.59
887,2020-08-26,18.79,18.57,18.83,18.53,41090,57484296.0,1.6,-1.17,-0.22,1.58
888,2020-08-27,18.57,18.74,18.83,18.52,36717,51298638.0,1.67,0.92,0.17,1.41
889,2020-08-28,18.71,18.57,18.83,18.57,38910,54422126.0,1.39,-0.91,-0.17,1.5
890,2020-08-31,18.54,18.05,18.54,18.02,67187,91244763.0,2.8,-2.8,-0.52,2.58
891,2020-09-01,18.01,18.06,18.17,17.97,28871,39053744.0,1.11,0.06,0.01,1.11
892,2020-09-02,18.01,18.15,18.23,18.0,31551,42793138.0,1.27,0.5,0.09,1.21
893,2020-09-03,18.13,18.06,18.13,17.98,28865,39000497.0,0.83,-0.5,-0.09,1.11
894,2020-09-04,17.98,18.05,18.21,17.97,21693,29326433.0,1.33,-0.06,-0.01,0.83
895,2020-09-07,18.04,17.98,18.05,17.96,25891,34911555.0,0.5,-0.39,-0.07,1.0
896,2020-09-08,17.98,18.05,18.14,17.96,31647,42728991.0,1.0,0.39,0.07,1.22
897,2020-09-09,17.98,17.95,18.04,17.89,32596,43841127.0,0.83,-0.55,-0.1,1.25
898,2020-09-10,18.0,17.88,18.01,17.87,29766,39926756.0,0.78,-0.39,-0.07,1.14
899,2020-09-11,17.87,17.93,18.01,17.85,33669,45107227.0,0.89,0.28,0.05,1.29
900,2020-09-14,17.91,17.95,18.06,17.85,24007,32234106.0,1.17,0.11,0.02,0.92
901,2020-09-15,17.95,17.89,17.96,17.87,15633,20988514.0,0.5,-0.33,-0.06,0.6
902,2020-09-16,17.85,18.0,18.09,17.85,35976,48446021.0,1.34,0.61,0.11,1.38
903,2020-09-17,17.93,18.06,18.4,17.87,27021,36582788.0,2.94,0.33,0.06,1.04
904,2020-09-18,18.0,18.24,18.4,17.97,42685,58383036.0,2.38,1.0,0.18,1.64
905,2020-09-21,18.24,18.26,18.36,18.11,21155,28868145.0,1.37,0.11,0.02,0.81
906,2020-09-22,18.4,18.24,18.67,18.19,42313,58399187.0,2.63,-0.11,-0.02,1.63
907,2020-09-23,18.14,18.11,18.19,18.01,26685,36138323.0,0.99,-0.71,-0.13,1.03
908,2020-09-24,18.09,17.98,18.09,17.97,20958,28284121.0,0.66,-0.72,-0.13,0.81
909,2020-09-25,17.98,17.87,18.08,17.87,17235,23172822.0,1.17,-0.61,-0.11,0.66
910,2020-09-28,17.85,17.57,17.88,17.36,28549,37431806.0,2.91,-1.68,-0.3,1.1
911,2020-09-29,17.56,17.89,17.92,17.4,18148,23907562.0,2.96,1.82,0.32,0.7
912,2020-09-30,17.87,17.82,17.87,17.65,12678,16845687.0,1.23,-0.39,-0.07,0.49
913,2020-10-09,17.82,17.82,17.89,17.75,21089,28166912.0,0.79,0.0,0.0,0.81
914,2020-10-12,17.79,17.97,18.08,17.74,32471,43590628.0,1.91,0.84,0.15,1.25
915,2020-10-13,17.96,18.01,18.13,17.75,28522,38225897.0,2.11,0.22,0.04,1.1
916,2020-10-14,18.01,17.84,18.01,17.82,16666,22333123.0,1.05,-0.94,-0.17,0.64
917,2020-10-15,17.84,17.74,17.84,17.67,12983,17249474.0,0.95,-0.56,-0.1,0.5
918,2020-10-16,17.74,17.67,17.79,17.65,7322,9709963.0,0.79,-0.39,-0.07,0.28
919,2020-10-19,17.72,17.61,17.72,17.56,12349,16314382.0,0.91,-0.34,-0.06,0.47
920,2020-10-20,17.56,17.58,17.63,17.45,12756,16730360.0,1.02,-0.17,-0.03,0.49
921,2020-10-21,17.54,17.44,17.59,17.41,9216,12043842.0,1.02,-0.8,-0.14,0.35
922,2020-10-22,17.44,17.4,17.45,17.37,11434,14899981.0,0.46,-0.23,-0.04,0.44
923,2020-10-23,17.4,17.4,17.44,17.35,13267,17272862.0,0.52,0.0,0.0,0.51
924,2020-10-26,17.4,17.41,17.44,17.39,7953,10361246.0,0.29,0.06,0.01,0.31
925,2020-10-27,17.39,17.41,17.43,17.39,7636,9949167.0,0.23,0.0,0.0,0.29
926,2020-10-28,17.4,17.37,17.45,17.35,12194,15877469.0,0.57,-0.23,-0.04,0.47
927,2020-10-29,17.36,17.39,17.39,17.35,17228,22404534.0,0.23,0.12,0.02,0.66
928,2020-10-30,17.35,17.37,17.4,17.35,14524,18884199.0,0.29,-0.12,-0.02,0.56
929,2020-11-02,17.36,17.37,17.39,17.36,11776,15312007.0,0.17,0.0,0.0,0.45
930,2020-11-03,17.36,17.72,17.88,17.36,26545,35137561.0,2.99,2.01,0.35,1.02
931,2020-11-04,17.69,17.63,17.82,17.54,7984,10546597.0,1.58,-0.51,-0.09,0.31
932,2020-11-05,17.67,17.8,17.87,17.63,21804,29007722.0,1.36,0.96,0.17,0.84
933,2020-11-06,17.75,17.74,17.76,17.65,12339,16357373.0,0.62,-0.34,-0.06,0.47
934,2020-11-09,17.74,17.88,18.01,17.7,19167,25641205.0,1.75,0.79,0.14,0.74
935,2020-11-10,17.82,17.79,18.0,17.75,10463,13945479.0,1.4,-0.5,-0.09,0.4
936,2020-11-11,17.8,17.69,17.8,17.65,11950,15837450.0,0.84,-0.56,-0.1,0.46
937,2020-11-12,17.67,17.75,17.78,17.65,10544,13989661.0,0.73,0.34,0.06,0.41
938,2020-11-13,17.76,17.66,17.83,17.62,10633,14082041.0,1.18,-0.51,-0.09,0.41
939,2020-11-16,17.65,17.67,17.7,17.61,12358,16332290.0,0.51,0.06,0.01,0.48
940,2020-11-17,17.65,17.65,17.69,17.61,11138,14709999.0,0.45,-0.11,-0.02,0.43
941,2020-11-18,17.65,17.67,17.84,17.62,12334,16345012.0,1.25,0.11,0.02,0.47
942,2020-11-19,17.65,17.67,17.78,17.65,28223,37451196.0,0.74,0.0,0.0,1.09
943,2020-11-20,17.75,17.93,18.01,17.72,42439,57010609.0,1.64,1.47,0.26,1.63
944,2020-11-23,17.85,17.87,17.96,17.8,16706,22354227.0,0.89,-0.33,-0.06,0.64
945,2020-11-24,17.83,17.88,18.27,17.79,22550,30308990.0,2.69,0.06,0.01,0.87
946,2020-11-25,17.75,17.49,17.75,17.46,39146,51506084.0,1.62,-2.18,-0.39,1.51
947,2020-11-26,17.52,17.52,17.61,17.48,10094,13237714.0,0.74,0.17,0.03,0.39
948,2020-11-27,17.52,17.72,17.87,17.46,19059,25100162.0,2.34,1.14,0.2,0.73
949,2020-11-30,17.72,17.63,17.74,17.56,14557,19249984.0,1.02,-0.51,-0.09,0.56
950,2020-12-01,17.63,17.58,17.66,17.56,13636,17954250.0,0.57,-0.28,-0.05,0.52
951,2020-12-02,17.61,17.69,17.88,17.56,21716,28740679.0,1.82,0.63,0.11,0.84
952,2020-12-03,17.69,17.72,17.8,17.57,20825,27579616.0,1.3,0.17,0.03,0.8
953,2020-12-04,17.72,17.69,17.74,17.59,14102,18642499.0,0.85,-0.17,-0.03,0.54
954,2020-12-07,17.67,17.61,17.67,17.57,11169,14736553.0,0.57,-0.45,-0.08,0.43
955,2020-12-08,17.62,17.59,17.65,17.57,11209,14773046.0,0.45,-0.11,-0.02,0.43
956,2020-12-09,17.62,17.53,17.62,17.49,13276,17421699.0,0.74,-0.34,-0.06,0.51
957,2020-12-10,17.62,17.54,17.66,17.5,15068,19799500.0,0.91,0.06,0.01,0.58
958,2020-12-11,17.52,17.44,17.65,17.39,20129,26331454.0,1.48,-0.57,-0.1,0.77
959,2020-12-14,17.61,17.52,17.61,17.39,14692,19184600.0,1.26,0.46,0.08,0.57
960,2020-12-15,17.43,17.49,17.52,17.39,11097,14479326.0,0.74,-0.17,-0.03,0.43
961,2020-12-16,17.43,17.41,17.56,17.37,11442,14915254.0,1.09,-0.46,-0.08,0.44
962,2020-12-17,17.41,17.44,17.45,17.36,23103,30061603.0,0.52,0.17,0.03,0.89
963,2020-12-18,17.43,17.44,17.49,17.36,11211,14610832.0,0.75,0.0,0.0,0.43
964,2020-12-21,17.43,17.44,17.46,17.36,18620,24253279.0,0.57,0.0,0.0,0.72
965,2020-12-22,17.41,17.4,17.43,17.36,14419,18765664.0,0.4,-0.23,-0.04,0.55
966,2020-12-23,17.39,17.43,17.44,17.36,14067,18319711.0,0.46,0.17,0.03,0.54
967,2020-12-24,17.4,17.41,17.49,17.36,21330,27807741.0,0.75,-0.11,-0.02,0.82
968,2020-12-25,17.39,17.41,17.43,17.35,33201,43210475.0,0.46,0.0,0.0,1.28
969,2020-12-28,17.37,17.89,18.5,17.36,70351,93912341.0,6.55,2.76,0.48,2.71
970,2020-12-29,17.62,17.41,17.62,17.36,33369,43582892.0,1.45,-2.68,-0.48,1.28
971,2020-12-30,17.39,17.46,17.75,17.39,31441,41218605.0,2.07,0.29,0.05,1.21
972,2020-12-31,17.41,17.41,17.45,17.36,25234,32866993.0,0.52,-0.29,-0.05,0.97
973,2021-01-04,17.39,17.46,17.54,17.37,20528,26774740.0,0.98,0.29,0.05,0.79
974,2021-01-05,17.45,17.43,17.45,17.36,16069,20911803.0,0.52,-0.17,-0.03,0.62
975,2021-01-06,17.4,17.4,17.41,17.36,16706,21733045.0,0.29,-0.17,-0.03,0.64
976,2021-01-07,17.39,17.39,17.41,17.36,16650,21658903.0,0.29,-0.06,-0.01,0.64
977,2021-01-08,17.37,17.39,17.39,17.36,13055,16974890.0,0.17,0.0,0.0,0.5
978,2021-01-11,17.37,17.36,17.39,17.36,15184,19743820.0,0.17,-0.17,-0.03,0.58
979,2021-01-12,17.36,17.36,17.39,17.36,9334,12138316.0,0.17,0.0,0.0,0.36
980,2021-01-13,17.39,17.59,17.8,17.36,34121,44846196.0,2.53,1.32,0.23,1.31
981,2021-01-14,17.49,17.63,17.76,17.45,22299,29402795.0,1.76,0.23,0.04,0.86
982,2021-01-15,17.56,17.83,17.88,17.53,34740,46269621.0,1.99,1.13,0.2,1.34
983,2021-01-18,17.69,17.85,17.93,17.63,26447,35349372.0,1.68,0.11,0.02,1.02
984,2021-01-19,17.75,17.66,17.79,17.56,23131,30547475.0,1.29,-1.06,-0.19,0.89
985,2021-01-20,17.71,17.62,17.79,17.56,15164,19980923.0,1.3,-0.23,-0.04,0.58
986,2021-01-21,17.59,17.56,17.72,17.49,17161,22539872.0,1.31,-0.34,-0.06,0.66
987,2021-01-22,17.5,17.53,17.56,17.49,11924,15636868.0,0.4,-0.17,-0.03,0.46
988,2021-01-25,17.5,17.36,17.56,17.36,14665,19145018.0,1.14,-0.97,-0.17,0.56
989,2021-01-26,17.37,17.45,17.56,17.36,12873,16778194.0,1.15,0.52,0.09,0.5
990,2021-01-27,17.39,17.4,17.45,17.36,17029,22165969.0,0.52,-0.29,-0.05,0.65
991,2021-01-28,17.37,17.4,17.41,17.36,10457,13607277.0,0.29,0.0,0.0,0.4
992,2021-01-29,17.37,17.37,17.41,17.36,9170,11925663.0,0.29,-0.17,-0.03,0.35
993,2021-02-01,17.36,17.4,17.46,17.36,11135,14489612.0,0.58,0.17,0.03,0.43
994,2021-02-02,17.37,17.45,17.57,17.36,14390,18800591.0,1.21,0.29,0.05,0.55
995,2021-02-03,17.45,17.37,17.45,17.36,13093,17035903.0,0.52,-0.46,-0.08,0.5
996,2021-02-04,17.36,17.39,17.39,17.35,14594,18976430.0,0.23,0.12,0.02,0.56
997,2021-02-05,17.37,17.4,17.54,17.36,14259,18579263.0,1.04,0.06,0.01,0.55
998,2021-02-08,17.36,17.39,17.45,17.36,12807,16664507.0,0.52,-0.06,-0.01,0.49
999,2021-02-09,17.4,17.37,17.4,17.36,12479,16227979.0,0.23,-0.12,-0.02,0.48
1000,2021-02-10,17.39,17.39,17.39,17.35,11374,14789701.0,0.23,0.12,0.02,0.44
1001,2021-02-18,17.37,17.4,17.48,17.36,12808,16683922.0,0.69,0.06,0.01,0.49
1002,2021-02-19,17.41,17.44,17.45,17.36,19287,25147123.0,0.52,0.23,0.04,0.74
1003,2021-02-22,17.79,17.74,18.01,17.53,80066,106572417.0,2.75,1.72,0.3,3.08
1004,2021-02-23,17.49,17.58,17.65,17.43,32763,42956493.0,1.24,-0.9,-0.16,1.26
1005,2021-02-24,17.56,17.45,17.61,17.43,17490,22889591.0,1.02,-0.74,-0.13,0.67
1006,2021-02-25,17.45,17.48,17.62,17.37,22819,29815088.0,1.43,0.17,0.03,0.88
1007,2021-02-26,17.49,17.85,18.13,17.48,79444,106241987.0,3.72,2.12,0.37,3.06
1008,2021-03-01,17.66,17.88,17.93,17.58,50823,67632544.0,1.96,0.17,0.03,1.95
1009,2021-03-02,17.82,17.8,18.1,17.69,29522,39311724.0,2.29,-0.45,-0.08,1.14
1010,2021-03-03,17.8,19.13,19.53,17.75,199187,284108096.0,10.0,7.47,1.33,7.66
1011,2021-03-04,18.61,19.0,19.21,18.26,125874,175895739.0,4.97,-0.68,-0.13,4.84
1012,2021-03-05,18.66,18.45,18.99,18.27,82670,114946296.0,3.79,-2.89,-0.55,3.18
1013,2021-03-08,18.36,18.02,18.37,18.01,68217,92750432.0,1.95,-2.33,-0.43,2.62
1014,2021-03-09,18.01,17.7,18.04,17.59,46468,61695558.0,2.5,-1.78,-0.32,1.79
1015,2021-03-10,17.72,17.63,17.75,17.62,24413,32262648.0,0.73,-0.4,-0.07,0.94
1016,2021-03-11,17.62,17.75,17.82,17.61,33176,43973204.0,1.19,0.68,0.12,1.28
1017,2021-03-12,17.75,17.65,17.83,17.61,28731,38012273.0,1.24,-0.56,-0.1,1.11
1018,2021-03-15,17.65,17.66,17.72,17.61,25189,33284625.0,0.62,0.06,0.01,0.97
1019,2021-03-16,17.65,17.66,17.7,17.62,18528,24507919.0,0.45,0.0,0.0,0.71
1020,2021-03-17,17.62,17.92,18.08,17.62,55874,74746570.0,2.6,1.47,0.26,2.15
1021,2021-03-18,17.75,17.75,17.87,17.66,27528,36566701.0,1.17,-0.95,-0.17,1.06
1022,2021-03-19,17.72,17.65,17.72,17.62,25169,33257482.0,0.56,-0.56,-0.1,0.97
1023,2021-03-22,17.62,17.7,17.87,17.62,23780,31534830.0,1.42,0.28,0.05,0.91
1024,2021-03-23,17.7,17.91,17.98,17.65,33744,44890130.0,1.86,1.19,0.21,1.3
1025,2021-03-24,17.84,17.83,17.91,17.75,22471,30021240.0,0.89,-0.45,-0.08,0.86
1026,2021-03-25,17.83,17.72,17.84,17.67,14972,19893246.0,0.95,-0.62,-0.11,0.58
1027,2021-03-26,17.76,17.74,17.88,17.66,16768,22291058.0,1.24,0.11,0.02,0.64
1028,2021-03-29,17.8,18.02,18.17,17.7,48831,65616267.0,2.65,1.58,0.28,1.88
1029,2021-03-30,18.1,17.92,18.52,17.76,53705,72853092.0,4.22,-0.55,-0.1,2.07
1030,2021-03-31,17.75,17.67,17.92,17.67,26492,35165887.0,1.4,-1.4,-0.25,1.02
1031,2021-04-01,17.67,17.67,17.75,17.66,13560,17971866.0,0.51,0.0,0.0,0.52
1032,2021-04-02,17.67,17.62,17.67,17.61,19667,25976824.0,0.34,-0.28,-0.05,0.76
1033,2021-04-06,17.62,17.65,17.69,17.62,11299,14932327.0,0.4,0.17,0.03,0.43
1034,2021-04-07,17.65,17.63,17.67,17.61,14192,18738910.0,0.34,-0.11,-0.02,0.55
1035,2021-04-08,17.63,17.65,17.8,17.62,25522,33805674.0,1.02,0.11,0.02,0.98
1036,2021-04-09,17.62,17.63,17.66,17.61,14284,18859830.0,0.28,-0.11,-0.02,0.55
1037,2021-04-12,17.63,17.63,17.7,17.62,17874,23631663.0,0.45,0.0,0.0,0.69
1038,2021-04-13,17.62,17.66,17.74,17.62,17186,22722800.0,0.68,0.17,0.03,0.66
1039,2021-04-14,17.67,17.7,17.87,17.65,15062,19968862.0,1.25,0.23,0.04,0.58
1040,2021-04-15,17.72,17.71,17.79,17.69,17435,23170572.0,0.56,0.06,0.01,0.67
1041,2021-04-16,17.74,17.63,17.74,17.62,15883,20988364.0,0.68,-0.45,-0.08,0.61
1042,2021-04-19,17.65,17.66,17.8,17.62,23620,31285995.0,1.02,0.17,0.03,0.91
1043,2021-04-20,17.69,17.63,17.71,17.62,11685,15449770.0,0.51,-0.17,-0.03,0.45
1044,2021-04-21,17.62,17.65,17.69,17.62,10933,14437974.0,0.4,0.11,0.02,0.42
1045,2021-04-22,17.67,17.65,17.67,17.62,10502,13869355.0,0.28,0.0,0.0,0.4
1046,2021-04-23,17.62,17.67,17.8,17.62,23950,31735865.0,1.02,0.11,0.02,0.92
1047,2021-04-26,17.65,17.43,17.66,17.35,70563,92023567.0,1.75,-1.36,-0.24,2.71
1048,2021-04-27,17.39,17.39,17.44,17.35,16299,21211735.0,0.52,-0.23,-0.04,0.63
1049,2021-04-28,17.36,17.36,17.41,17.36,16997,22101307.0,0.29,-0.17,-0.03,0.65
1050,2021-04-29,17.36,17.37,17.39,17.36,16632,21626091.0,0.17,0.06,0.01,0.64
1051,2021-04-30,17.36,17.36,17.61,17.36,13620,17740697.0,1.44,-0.06,-0.01,0.52
1052,2021-05-06,17.36,17.39,17.49,17.36,14910,19392943.0,0.75,0.17,0.03,0.57
1053,2021-05-07,17.39,17.39,17.39,17.36,10208,13274028.0,0.17,0.0,0.0,0.39
1054,2021-05-10,17.36,17.39,17.43,17.36,21574,28070166.0,0.4,0.0,0.0,0.83
1055,2021-05-11,17.37,17.41,17.41,17.36,31843,41461754.0,0.29,0.12,0.02,1.22
1056,2021-05-12,17.39,17.41,17.45,17.36,26453,34442305.0,0.52,0.0,0.0,1.02
1057,2021-05-13,17.39,17.36,17.41,17.36,13278,17273272.0,0.29,-0.29,-0.05,0.51
1058,2021-05-14,17.36,17.36,17.41,17.36,20636,26850645.0,0.29,0.0,0.0,0.79
1059,2021-05-17,17.36,17.37,17.39,17.35,17412,22645796.0,0.23,0.06,0.01,0.67
1060,2021-05-18,17.36,17.37,17.37,17.36,18523,24082942.0,0.06,0.0,0.0,0.71
1061,2021-05-19,17.36,17.41,17.45,17.36,29235,38094920.0,0.52,0.23,0.04,1.12
1062,2021-05-20,17.41,17.69,17.89,17.4,69260,91528150.0,2.81,1.61,0.28,2.66
1063,2021-05-21,17.66,17.58,17.82,17.5,24619,32412911.0,1.81,-0.62,-0.11,0.95
1064,2021-05-24,17.58,17.46,17.58,17.41,25116,32825010.0,0.97,-0.68,-0.12,0.97
1065,2021-05-25,17.45,17.48,17.69,17.41,23175,30377894.0,1.6,0.11,0.02,0.89
1066,2021-05-26,17.46,17.4,17.48,17.39,19262,25103556.0,0.51,-0.46,-0.08,0.74
1067,2021-05-27,17.4,17.36,17.4,17.36,16223,21105909.0,0.23,-0.23,-0.04,0.62
1068,2021-05-28,17.37,17.36,17.45,17.36,16565,21554366.0,0.52,0.0,0.0,0.64
1069,2021-05-31,17.36,17.37,17.39,17.36,14560,18932578.0,0.17,0.06,0.01,0.56
1070,2021-06-01,17.37,17.41,17.45,17.36,21528,28022047.0,0.52,0.23,0.04,0.83
1071,2021-06-02,17.39,17.44,17.56,17.37,21618,28199381.0,1.09,0.17,0.03,0.83
1072,2021-06-03,17.44,17.4,17.45,17.36,14526,18904992.0,0.52,-0.23,-0.04,0.56
1073,2021-06-04,17.39,17.41,17.58,17.36,28578,37305611.0,1.26,0.06,0.01,1.1
1074,2021-06-07,17.41,17.39,17.49,17.36,17359,22627890.0,0.75,-0.11,-0.02,0.67
1075,2021-06-08,17.36,17.37,17.4,17.36,15696,20410164.0,0.23,-0.12,-0.02,0.6
1076,2021-06-09,17.37,17.37,17.44,17.36,11878,15462132.0,0.46,0.0,0.0,0.46
1077,2021-06-10,17.36,17.36,17.4,17.36,13299,17297955.0,0.23,-0.06,-0.01,0.51
1078,2021-06-11,17.43,17.45,17.62,17.36,40486,52957116.0,1.5,0.52,0.09,1.56
1079,2021-06-15,17.43,17.36,17.46,17.36,28616,37242818.0,0.57,-0.52,-0.09,1.1
1080,2021-06-16,17.36,17.4,17.43,17.36,22430,29201930.0,0.4,0.23,0.04,0.86
1081,2021-06-17,17.39,17.36,17.41,17.36,20473,26637145.0,0.29,-0.23,-0.04,0.79
1082,2021-06-18,17.36,17.05,17.37,16.91,81946,105207727.0,2.65,-1.79,-0.31,3.15
1083,2021-06-21,16.97,17.1,17.3,16.92,27528,35169237.0,2.23,0.29,0.05,1.06
1084,2021-06-22,17.1,17.06,17.18,17.0,13929,17777502.0,1.05,-0.23,-0.04,0.54
1085,2021-06-23,17.09,17.07,17.3,17.0,13468,17199611.0,1.76,0.06,0.01,0.52
1086,2021-06-24,17.01,17.04,17.09,16.98,14686,18703747.0,0.64,-0.18,-0.03,0.56
1087,2021-06-25,17.02,16.98,17.02,16.97,15244,19368210.0,0.29,-0.35,-0.06,0.59
1088,2021-06-28,16.97,16.93,16.98,16.84,39094,49444053.0,0.82,-0.29,-0.05,1.5
1089,2021-06-29,16.93,16.93,16.96,16.85,14970,18903288.0,0.65,0.0,0.0,0.58
1090,2021-06-30,16.88,16.96,17.15,16.88,14230,18050142.0,1.59,0.18,0.03,0.55
1091,2021-07-01,16.94,16.91,16.97,16.85,13787,17417155.0,0.71,-0.29,-0.05,0.53
1092,2021-07-02,16.89,16.88,16.96,16.85,12676,15997849.0,0.65,-0.18,-0.03,0.49
1093,2021-07-05,16.87,16.88,16.91,16.85,9903,12494090.0,0.36,0.0,0.0,0.38
1094,2021-07-06,16.88,16.94,17.06,16.85,28493,36102162.0,1.24,0.36,0.06,1.1
1095,2021-07-07,16.92,16.96,17.04,16.88,17395,22051966.0,0.94,0.12,0.02,0.67
1096,2021-07-08,16.93,16.87,17.06,16.85,13637,17234749.0,1.24,-0.53,-0.09,0.52
1097,2021-07-09,16.87,16.88,16.92,16.84,14799,18680478.0,0.47,0.06,0.01,0.57
1098,2021-07-12,16.88,16.88,16.92,16.85,17670,22299397.0,0.41,0.0,0.0,0.68
1099,2021-07-13,16.88,16.87,16.89,16.85,9371,11821375.0,0.24,-0.06,-0.01,0.36
1100,2021-07-14,16.87,16.88,16.88,16.85,8510,10734410.0,0.18,0.06,0.01,0.33
1101,2021-07-15,16.88,16.87,16.88,16.85,9591,12101403.0,0.18,-0.06,-0.01,0.37
1102,2021-07-16,16.87,16.87,16.88,16.85,7565,9541099.0,0.18,0.0,0.0,0.29
1103,2021-07-19,16.89,17.01,17.02,16.87,31962,40510780.0,0.89,0.83,0.14,1.23
1104,2021-07-20,16.97,16.97,17.01,16.88,15540,19683510.0,0.76,-0.24,-0.04,0.6
1105,2021-07-21,16.97,17.01,17.1,16.92,22585,28734770.0,1.06,0.24,0.04,0.87
1106,2021-07-22,17.07,16.92,17.07,16.87,14866,18813387.0,1.18,-0.53,-0.09,0.57
1107,2021-07-23,16.91,16.87,16.91,16.84,18500,23341130.0,0.41,-0.3,-0.05,0.71
1108,2021-07-26,16.85,16.87,16.97,16.84,20870,26339563.0,0.77,0.0,0.0,0.8
1109,2021-07-27,16.85,16.85,16.88,16.85,11540,14554958.0,0.18,-0.12,-0.02,0.44
1110,2021-07-28,16.85,16.91,16.92,16.85,29550,37320337.0,0.42,0.36,0.06,1.14
1111,2021-07-29,16.89,16.94,17.02,16.85,24439,30941808.0,1.01,0.18,0.03,0.94
1112,2021-07-30,16.93,16.89,16.94,16.84,25367,32011039.0,0.59,-0.3,-0.05,0.98
1113,2021-08-02,16.87,16.89,16.92,16.85,19693,24865917.0,0.41,0.0,0.0,0.76
1114,2021-08-03,16.87,16.97,17.0,16.85,30220,38290377.0,0.89,0.47,0.08,1.16
1115,2021-08-04,16.93,16.89,16.98,16.85,19099,24145341.0,0.77,-0.47,-0.08,0.73
1116,2021-08-05,16.88,17.22,17.4,16.85,50649,64596166.0,3.26,1.95,0.33,1.95
1117,2021-08-06,17.1,16.93,17.2,16.85,31188,39495727.0,2.03,-1.68,-0.29,1.2
1118,2021-08-09,16.91,16.91,16.96,16.87,17843,22548049.0,0.53,-0.12,-0.02,0.69
1119,2021-08-10,16.91,16.87,16.91,16.85,18001,22722037.0,0.35,-0.24,-0.04,0.69
1120,2021-08-11,16.87,16.87,16.89,16.85,16783,21176034.0,0.24,0.0,0.0,0.65
1121,2021-08-12,16.85,16.87,16.91,16.85,17969,22669452.0,0.36,0.0,0.0,0.69
1122,2021-08-13,16.87,16.87,16.89,16.84,17670,22286865.0,0.3,0.0,0.0,0.68
1123,2021-08-16,16.87,16.85,16.91,16.85,11673,14730384.0,0.36,-0.12,-0.02,0.45
1124,2021-08-17,16.87,16.87,16.89,16.85,14664,18500136.0,0.24,0.12,0.02,0.56
1125,2021-08-18,16.85,16.88,16.89,16.85,15982,20168037.0,0.24,0.06,0.01,0.61
1126,2021-08-19,16.87,16.88,16.89,16.85,16417,20719529.0,0.24,0.0,0.0,0.63
1127,2021-08-20,16.87,16.87,16.88,16.85,14681,18518548.0,0.18,-0.06,-0.01,0.56
1128,2021-08-23,16.87,16.91,16.96,16.85,21064,26609609.0,0.65,0.24,0.04,0.81
1129,2021-08-24,16.88,16.85,16.91,16.84,30758,38792253.0,0.41,-0.35,-0.06,1.18
1130,2021-08-25,16.85,17.0,17.32,16.85,44235,56236286.0,2.79,0.89,0.15,1.7
1131,2021-08-26,17.04,17.15,17.31,16.93,74715,96188283.0,2.24,0.88,0.15,2.87
1132,2021-08-27,17.17,16.85,17.31,16.85,38474,48870429.0,2.68,-1.75,-0.3,1.48
1133,2021-08-30,16.85,16.87,16.93,16.85,17655,22278666.0,0.47,0.12,0.02,0.68
1134,2021-08-31,16.87,16.88,16.96,16.84,44037,55558627.0,0.71,0.06,0.01,1.69
1135,2021-09-01,16.87,16.88,16.89,16.85,29288,36950802.0,0.24,0.0,0.0,1.13
1136,2021-09-02,16.88,16.92,17.1,16.85,52952,67078969.0,1.48,0.24,0.04,2.04
1137,2021-09-03,16.94,16.98,17.18,16.92,43121,54935610.0,1.54,0.35,0.06,1.66
1138,2021-09-06,16.97,16.96,17.02,16.87,29730,37654458.0,0.88,-0.12,-0.02,1.14
1139,2021-09-07,16.96,16.91,16.98,16.87,31749,40129296.0,0.65,-0.29,-0.05,1.22
1140,2021-09-08,16.92,16.91,16.97,16.87,24903,31483845.0,0.59,0.0,0.0,0.96
1141,2021-09-09,16.93,16.91,16.94,16.87,17606,22252965.0,0.41,0.0,0.0,0.68
1142,2021-09-10,16.88,16.87,16.91,16.87,24658,31134811.0,0.24,-0.24,-0.04,0.95
1143,2021-09-13,16.89,16.91,16.91,16.87,23260,29382563.0,0.24,0.24,0.04,0.89
1144,2021-09-14,16.89,16.88,16.92,16.87,17061,21547227.0,0.3,-0.18,-0.03,0.66
1145,2021-09-15,16.87,16.88,16.91,16.87,20964,26474716.0,0.24,0.0,0.0,0.81
1146,2021-09-16,16.88,17.01,17.07,16.87,45516,57688965.0,1.18,0.77,0.13,1.75
1147,2021-09-17,16.97,16.97,17.15,16.88,56741,72173331.0,1.59,-0.24,-0.04,2.18
1148,2021-09-22,16.89,16.94,17.0,16.88,25416,32183718.0,0.71,-0.18,-0.03,0.98
1149,2021-09-23,16.96,16.94,17.0,16.89,34747,44025199.0,0.65,0.0,0.0,1.34
1150,2021-09-24,16.92,16.89,16.94,16.88,28610,36155480.0,0.35,-0.3,-0.05,1.1
1151,2021-09-27,16.89,16.88,16.91,16.87,33681,42535852.0,0.24,-0.06,-0.01,1.3
1152,2021-09-28,16.88,16.88,16.89,16.85,29806,37627431.0,0.24,0.0,0.0,1.15
1153,2021-09-29,16.93,16.96,17.14,16.89,54416,69070307.0,1.48,0.47,0.08,2.09
1154,2021-09-30,16.96,16.91,17.0,16.88,38764,49049071.0,0.71,-0.29,-0.05,1.49
1155,2021-10-08,16.91,17.36,17.79,16.89,252481,328236784.0,5.32,2.66,0.45,9.71
1156,2021-10-11,17.44,17.31,17.49,17.04,75682,97818852.0,2.59,-0.29,-0.05,2.91
1157,2021-10-12,17.22,16.89,17.31,16.85,131727,166616587.0,2.66,-2.43,-0.42,5.07
1158,2021-10-13,16.88,16.87,16.94,16.85,67521,85253013.0,0.53,-0.12,-0.02,2.6
1159,2021-10-14,16.87,16.87,16.91,16.87,31777,40121370.0,0.24,0.0,0.0,1.22
1160,2021-10-15,16.87,16.87,16.91,16.87,42548,53713029.0,0.24,0.0,0.0,1.64
1161,2021-10-18,16.87,16.92,16.97,16.87,52470,66313078.0,0.59,0.3,0.05,2.02
1162,2021-10-19,16.91,16.87,16.93,16.87,31155,39337419.0,0.35,-0.3,-0.05,1.2
1163,2021-10-20,16.87,16.88,16.89,16.87,24352,30742870.0,0.12,0.06,0.01,0.94
1164,2021-10-21,16.88,16.88,16.89,16.87,21462,27095188.0,0.12,0.0,0.0,0.83
1165,2021-10-22,16.88,16.87,16.89,16.87,13435,16960146.0,0.12,-0.06,-0.01,0.52
1166,2021-10-25,16.87,16.88,17.06,16.87,29381,37132011.0,1.13,0.06,0.01,1.13
1167,2021-10-26,16.88,16.87,16.91,16.87,12827,16193869.0,0.24,-0.06,-0.01,0.49
1168,2021-10-27,16.87,16.87,16.88,16.87,14171,17887483.0,0.06,0.0,0.0,0.55
1169,2021-10-28,16.87,16.87,16.93,16.85,21204,26768293.0,0.47,0.0,0.0,0.82
1170,2021-10-29,16.87,16.88,16.88,16.87,14120,17827044.0,0.06,0.06,0.01,0.54
1171,2021-11-01,16.88,16.88,16.88,16.87,17264,21791466.0,0.06,0.0,0.0,0.66
1172,2021-11-02,16.87,16.87,16.89,16.87,22398,28271664.0,0.12,-0.06,-0.01,0.86
1173,2021-11-03,16.87,16.88,16.89,16.87,12467,15739522.0,0.12,0.06,0.01,0.48
1174,2021-11-04,16.88,16.89,16.97,16.87,46795,59137242.0,0.59,0.06,0.01,1.8
1175,2021-11-05,16.88,17.02,17.22,16.87,96011,122159079.0,2.07,0.77,0.13,3.69
1176,2021-11-08,17.02,16.89,17.09,16.88,32963,41726377.0,1.23,-0.76,-0.13,1.27
1177,2021-11-09,16.93,16.94,17.04,16.87,60759,76963681.0,1.01,0.3,0.05,2.34
1178,2021-11-10,16.93,16.88,17.02,16.87,32419,40996054.0,0.89,-0.35,-0.06,1.25
1179,2021-11-11,16.87,16.87,16.91,16.87,21527,27174803.0,0.24,-0.06,-0.01,0.83
1180,2021-11-12,16.88,16.87,16.91,16.87,27913,35246465.0,0.24,0.0,0.0,1.07
1181,2021-11-15,16.87,16.87,16.89,16.87,24550,30994705.0,0.12,0.0,0.0,0.94
1182,2021-11-16,16.91,16.88,16.91,16.87,23009,29049737.0,0.24,0.06,0.01,0.88
1183,2021-11-17,16.87,16.89,16.92,16.85,33364,42130155.0,0.41,0.06,0.01,1.28
1184,2021-11-18,16.88,16.88,16.92,16.87,29255,36946988.0,0.3,-0.06,-0.01,1.13
1185,2021-11-19,16.88,16.87,16.89,16.87,17645,22275617.0,0.12,-0.06,-0.01,0.68
1186,2021-11-22,16.87,16.89,16.89,16.87,21789,27509527.0,0.12,0.12,0.02,0.84
1187,2021-11-23,16.88,16.89,16.91,16.87,19482,24611774.0,0.24,0.0,0.0,0.75
1188,2021-11-24,16.89,16.88,16.91,16.87,18004,22728600.0,0.24,-0.06,-0.01,0.69
1189,2021-11-25,16.88,16.88,16.89,16.87,25121,31718463.0,0.12,0.0,0.0,0.97
1190,2021-11-26,16.89,16.88,16.89,16.87,14868,18770746.0,0.12,0.0,0.0,0.57
1191,2021-11-29,16.87,16.87,16.88,16.85,36224,45721167.0,0.18,-0.06,-0.01,1.39
1192,2021-11-30,16.87,16.88,16.89,16.87,30564,38595037.0,0.12,0.06,0.01,1.18
1193,2021-12-01,16.88,16.89,17.06,16.87,75390,95486234.0,1.13,0.06,0.01,2.9
1194,2021-12-02,16.88,16.89,17.09,16.87,55422,70115406.0,1.3,0.0,0.0,2.13
1195,2021-12-03,16.88,16.89,16.91,16.87,42478,53629751.0,0.24,0.0,0.0,1.63
1196,2021-12-06,16.91,16.88,16.91,16.87,28393,35841655.0,0.24,-0.06,-0.01,1.09
1197,2021-12-07,16.87,16.88,16.89,16.87,26870,33917596.0,0.12,0.0,0.0,1.03
1198,2021-12-08,16.89,16.88,16.91,16.87,24661,31134979.0,0.24,0.0,0.0,0.95
1199,2021-12-09,16.87,16.88,16.88,16.87,21692,27381518.0,0.06,0.0,0.0,0.83
1200,2021-12-10,16.88,16.89,16.89,16.87,15595,19688771.0,0.12,0.06,0.01,0.6
1201,2021-12-13,16.89,16.88,16.91,16.87,17928,22638934.0,0.24,-0.06,-0.01,0.69
1202,2021-12-14,16.87,16.89,16.89,16.87,18028,22762609.0,0.12,0.06,0.01,0.69
1203,2021-12-15,16.88,16.88,16.88,16.87,16962,21411259.0,0.06,-0.06,-0.01,0.65
1204,2021-12-16,16.88,16.88,16.89,16.87,14374,18147704.0,0.12,0.0,0.0,0.55
1205,2021-12-17,16.88,16.88,16.89,16.85,20586,25991108.0,0.24,0.0,0.0,0.79
1206,2021-12-20,16.88,16.89,16.89,16.87,22308,28163128.0,0.12,0.06,0.01,0.86
1207,2021-12-21,16.88,16.89,16.89,16.87,23520,29697793.0,0.12,0.0,0.0,0.9
1208,2021-12-22,16.87,16.88,16.89,16.87,17797,22466701.0,0.12,-0.06,-0.01,0.68
1209,2021-12-23,16.88,16.92,17.0,16.87,96124,121808497.0,0.77,0.24,0.04,3.7
1210,2021-12-24,16.92,17.27,17.66,16.91,180979,234179451.0,4.43,2.07,0.35,6.96
1211,2021-12-27,17.27,17.01,17.27,16.89,113915,144783614.0,2.2,-1.51,-0.26,4.38
1212,2021-12-28,17.07,16.94,17.07,16.88,73729,93371371.0,1.12,-0.41,-0.07,2.84
1213,2021-12-29,16.92,16.93,16.94,16.88,48210,60925115.0,0.35,-0.06,-0.01,1.85
1214,2021-12-30,16.92,16.93,17.0,16.88,58121,73563956.0,0.71,0.0,0.0,2.24
1215,2021-12-31,16.93,16.89,16.93,16.88,35857,45299852.0,0.3,-0.24,-0.04,1.38
