,trade_date,pe,pe_ttm,pb,ps,ps_ttm,dv_ratio,dv_ttm,total_mv
0,2022-04-13,35.8268,,1.9365,4.0319,3.1357,0.0,,170902.3491
1,2022-04-12,36.6396,,1.9804,4.1233,3.2069,0.0,,174779.7148
2,2022-04-11,35.264,,1.9061,3.9685,3.0865,0.0,,168218.019
3,2022-04-08,36.6396,,1.9804,4.1233,3.2069,0.0,,174779.7148
4,2022-04-07,37.9526,,2.0514,4.2711,3.3218,0.0,,181043.1517
5,2022-04-06,39.3907,,2.1291,4.433,3.4477,0.0,,187903.1064
6,2022-04-01,38.3278,,2.0717,4.3133,3.3546,0.0,,182832.7051
7,2022-03-31,38.6404,,2.0886,4.3485,3.382,0.0,,184323.9996
8,2022-03-30,37.7025,,2.0379,4.243,3.2999,0.0,,179850.1161
9,2022-03-29,37.3899,,2.021,4.2078,3.2725,0.0,,178358.8216
10,2022-03-28,38.0777,,2.0581,4.2852,3.3327,0.0,,181639.6695
11,2022-03-25,38.2027,,2.0649,4.2993,3.3437,0.0,,182236.1873
12,2022-03-24,38.1402,,2.0615,4.2922,3.3382,0.0,,181937.9284
13,2022-03-23,38.6404,,2.0886,4.3485,3.382,0.0,,184323.9996
14,2022-03-22,39.2656,,2.1224,4.4189,3.4367,0.0,,187306.5886
15,2022-03-21,39.5157,,2.1359,4.447,3.4586,0.0,,188499.6242
16,2022-03-18,39.4532,,2.1325,4.44,3.4531,0.0,,188201.3653
17,2022-03-17,37.4524,,2.0244,4.2148,3.278,0.0,,178657.0805
18,2022-03-16,36.7646,,1.9872,4.1374,3.2178,0.0,,175376.2326
19,2022-03-15,35.0765,,1.8959,3.9474,3.0701,0.0,,167323.2423
20,2022-03-14,37.2648,,2.0142,4.1937,3.2616,0.0,,177762.3038
21,2022-03-11,38.7654,,2.0953,4.3626,3.3929,0.0,,184920.5174
22,2022-03-10,38.1402,,2.0615,4.2922,3.3382,0.0,,181937.9284
23,2022-03-09,37.5149,,2.0277,4.2219,3.2835,0.0,,178955.3394
24,2022-03-08,38.828,,2.0987,4.3696,3.3984,0.0,,185218.7763
25,2022-03-07,40.2035,,2.1731,4.5244,3.5188,0.0,,191780.4721
26,2022-03-04,40.3286,,2.1798,4.5385,3.5297,0.0,,192376.9899
27,2022-03-03,40.9538,,2.2136,4.6089,3.5845,0.0,,195359.5788
28,2022-03-02,41.3915,,2.2373,4.6581,3.6228,0.0,,197447.3911
29,2022-03-01,40.7037,,2.2001,4.5807,3.5626,0.0,,194166.5432
30,2022-02-28,40.266,,2.1764,4.5315,3.5243,0.0,,192078.731
31,2022-02-25,41.0789,,2.2204,4.6229,3.5954,0.0,,195956.0966
32,2022-02-24,41.1414,,2.2237,4.63,3.6009,0.0,,196254.3555
33,2022-02-23,43.2672,,2.3386,4.8692,3.787,0.0,,206395.1581
34,2022-02-22,43.0171,,2.3251,4.8411,3.7651,0.0,,205202.1225
35,2022-02-21,43.7674,,2.3657,4.9255,3.8307,0.0,,208781.2293
36,2022-02-18,42.642,,2.3049,4.7988,3.7322,0.0,,203412.5691
37,2022-02-17,41.5791,,2.2474,4.6792,3.6392,0.0,,198342.1678
38,2022-02-16,42.3919,,2.2913,4.7707,3.7103,0.0,,202219.5335
39,2022-02-15,42.1418,,2.2778,4.7426,3.6884,0.0,,201026.4979
40,2022-02-14,42.0793,,2.2744,4.7355,3.683,0.0,,200728.239
41,2022-02-11,42.0793,,2.2744,4.7355,3.683,0.0,,200728.239
42,2022-02-10,43.8925,,2.3724,4.9396,3.8417,0.0,,209377.7471
43,2022-02-09,44.2676,,2.3927,4.9818,3.8745,0.0,,211167.3005
44,2022-02-08,42.7045,,2.3082,4.8059,3.7377,0.0,,203710.828
45,2022-02-07,41.7041,,2.2542,4.6933,3.6501,0.0,,198938.6856
46,2022-01-28,43.4548,,2.3488,4.8903,3.8034,0.0,,207289.9348
47,2022-01-27,41.3915,,2.2373,4.6581,3.6228,0.0,,197447.3911
48,2022-01-26,45.5807,,2.4637,5.1296,3.9894,0.0,,217430.7374
49,2022-01-25,45.5807,,2.4637,5.1296,3.9894,0.0,,217430.7374
50,2022-01-24,50.9578,,2.7543,5.7347,4.4601,0.0,,243081.0027
51,2022-01-21,51.458,,2.7814,5.791,4.5038,0.0,,245467.0739
52,2022-01-20,49.8324,,2.6935,5.608,4.3616,0.0,,237712.3425
53,2022-01-19,53.0836,,2.8692,5.9739,4.6461,0.0,,253221.8053
54,2022-01-18,52.2708,,2.8253,5.8825,4.575,0.0,,249344.4396
55,2022-01-17,54.5217,,2.947,6.1358,4.772,0.0,,260081.7599
56,2022-01-14,52.0832,,2.8152,5.8613,4.5586,0.0,,248449.6629
57,2022-01-13,52.2708,,2.8253,5.8825,4.575,0.0,,249344.4396
58,2022-01-12,51.7081,,2.7949,5.8191,4.5257,0.0,,246660.1095
59,2022-01-11,51.7081,,2.7949,5.8191,4.5257,0.0,,246660.1095
60,2022-01-10,49.2696,,2.6631,5.5447,4.3123,0.0,,235028.0124
61,2022-01-07,48.2067,,2.6056,5.4251,4.2193,0.0,,229957.6111
62,2022-01-06,51.2079,,2.7679,5.7628,4.482,0.0,,244274.0383
63,2022-01-05,52.4584,,2.8354,5.9036,4.5914,0.0,,250239.2163
64,2022-01-04,52.5209,,2.8388,5.9106,4.5969,0.0,,250537.4752
65,2021-12-31,50.7077,,2.7408,5.7065,4.4382,0.0,,241887.9671
66,2021-12-30,51.5205,,2.7848,5.798,4.5093,0.0,,245765.3328
67,2021-12-29,52.646,,2.8456,5.9247,4.6078,0.0,,251133.993
68,2021-12-28,52.2083,,2.8219,5.8754,4.5695,0.0,,249046.1807
69,2021-12-27,49.6448,,2.6834,5.5869,4.3451,0.0,,236817.5658
70,2021-12-24,51.8332,,2.8016,5.8332,4.5367,0.0,,247256.6273
71,2021-12-23,49.4572,,2.6732,5.5658,4.3287,0.0,,235922.7891
72,2021-12-22,50.3326,,2.7205,5.6643,4.4053,0.0,,240098.4137
73,2021-12-21,48.957,,2.6462,5.5095,4.2849,0.0,,233536.7179
74,2021-12-20,48.6444,,2.6293,5.4743,4.2576,0.0,,232045.4234
75,2021-12-17,50.0825,,2.707,5.6362,4.3835,0.0,,238905.3781
76,2021-12-16,49.5823,,2.68,5.5799,4.3397,0.0,,236519.3069
77,2021-12-15,49.0195,,2.6496,5.5166,4.2904,0.0,,233834.9768
78,2021-12-14,50.3326,,2.7205,5.6643,4.4053,0.0,,240098.4137
79,2021-12-13,48.957,,2.6462,5.5095,4.2849,0.0,,233536.7179
80,2021-12-10,47.0187,,2.5414,5.2914,4.1153,0.0,,224290.692
81,2021-12-09,46.8312,,2.5313,5.2703,4.0989,0.0,,223395.9154
82,2021-12-08,46.9562,,2.538,5.2844,4.1098,0.0,,223992.4331
83,2021-12-07,46.7686,,2.5279,5.2633,4.0934,0.0,,223097.6565
84,2021-12-06,46.2684,,2.5009,5.207,4.0496,0.0,,220711.5853
85,2021-12-03,47.769,,2.582,5.3758,4.181,0.0,,227869.7988
86,2021-12-02,48.2067,,2.6056,5.4251,4.2193,0.0,,229957.6111
87,2021-12-01,50.7077,,2.7408,5.7065,4.4382,0.0,,241887.9671
88,2021-11-30,50.145,,2.7104,5.6432,4.3889,0.0,,239203.637
89,2021-11-29,49.8324,,2.6935,5.608,4.3616,0.0,,237712.3425
90,2021-11-26,51.458,,2.7814,5.791,4.5038,0.0,,245467.0739
91,2021-11-25,48.4568,,2.6192,5.4532,4.2412,0.0,,231150.6467
92,2021-11-24,48.832,,2.6394,5.4955,4.274,0.0,,232940.2001
93,2021-11-23,48.3943,,2.6158,5.4462,4.2357,0.0,,230852.3878
94,2021-11-22,45.7057,,2.4705,5.1436,4.0004,0.0,,218027.2552
95,2021-11-19,44.0175,,2.3792,4.9536,3.8526,0.0,,209974.2649
96,2021-11-18,43.3298,,2.342,4.8762,3.7924,0.0,,206693.417
97,2021-11-17,44.0801,,2.3826,4.9607,3.8581,0.0,,210272.5238
98,2021-11-16,43.3298,,2.342,4.8762,3.7924,0.0,,206693.417
99,2021-11-15,44.0801,,2.3826,4.9607,3.8581,0.0,,210272.5238
100,2021-11-12,42.9546,,2.3218,4.834,3.7596,0.0,,204903.8636
101,2021-11-11,42.5169,,2.2981,4.7848,3.7213,0.0,,202816.0513
102,2021-11-10,42.2668,,2.2846,4.7566,3.6994,0.0,,201623.0157
103,2021-11-09,41.8917,,2.2643,4.7144,3.6666,0.0,,199833.4623
104,2021-11-08,41.7041,,2.2542,4.6933,3.6501,0.0,,198938.6856
105,2021-11-05,41.6416,,2.2508,4.6863,3.6447,0.0,,198640.4267
106,2021-11-04,40.8288,,2.2068,4.5948,3.5735,0.0,,194763.061
107,2021-11-03,41.0163,,2.217,4.6159,3.5899,0.0,,195657.8377
108,2021-11-02,39.8284,,2.1528,4.4822,3.486,0.0,,189990.9187
109,2021-11-01,40.8288,,2.2068,4.5948,3.5735,0.0,,194763.061
110,2021-10-29,40.5787,,2.1933,4.5666,3.5516,0.0,,193570.0255
111,2021-10-28,39.5783,,2.1393,4.4541,3.4641,0.0,,188797.8831
112,2021-10-27,40.6412,,2.1967,4.5737,3.5571,0.0,,193868.2844
113,2021-10-26,42.9546,1108.9216,2.2797,4.834,3.6408,0.0,,204903.8636
114,2021-10-25,43.3298,1118.6065,2.2996,4.8762,3.6726,0.0,,206693.417
115,2021-10-22,43.5799,1125.0631,2.3128,4.9044,3.6938,0.0,,207886.4526
116,2021-10-21,43.83,1131.5197,2.3261,4.9325,3.715,0.0,,209079.4882
117,2021-10-20,44.4552,1147.6612,2.3593,5.0029,3.768,0.0,,212062.0772
118,2021-10-19,44.4552,1147.6612,2.3593,5.0029,3.768,0.0,,212062.0772
119,2021-10-18,44.7678,1155.732,2.3759,5.0381,3.7945,0.0,,213553.3717
120,2021-10-15,44.5177,1149.2754,2.3626,5.0099,3.7733,0.0,,212360.3361
121,2021-10-14,46.8312,1208.999,2.4854,5.2703,3.9694,0.0,,223395.9154
122,2021-10-13,45.6432,1178.3301,2.4223,5.1366,3.8687,0.0,,217728.9963
123,2021-10-12,45.8933,1184.7867,2.4356,5.1647,3.8899,0.0,,218922.0319
124,2021-10-11,46.7061,1205.7707,2.4787,5.2562,3.9588,0.0,,222799.3976
125,2021-10-08,46.3935,1197.6999,2.4622,5.221,3.9323,0.0,,221308.1031
126,2021-09-30,44.0801,1137.9763,2.3394,4.9607,3.7362,0.0,,210272.5238
127,2021-09-29,43.7049,1128.2914,2.3195,4.9185,3.7044,0.0,,208482.9704
128,2021-09-28,44.2051,1141.2046,2.346,4.9748,3.7468,0.0,,210869.0416
129,2021-09-27,44.1426,1139.5905,2.3427,4.9677,3.7415,0.0,,210570.7827
130,2021-09-24,45.143,1165.4169,2.3958,5.0803,3.8263,0.0,,215342.9251
131,2021-09-23,46.331,1196.0858,2.4588,5.214,3.927,0.0,,221009.8442
132,2021-09-22,46.5811,1202.5424,2.4721,5.2421,3.9482,0.0,,222202.8798
133,2021-09-17,44.8304,1157.3462,2.3792,5.0451,3.7998,0.0,,213851.6306
134,2021-09-16,44.5803,1150.8895,2.3659,5.017,3.7786,0.0,,212658.595
135,2021-09-15,45.7682,1181.5584,2.429,5.1507,3.8793,0.0,,218325.5141
136,2021-09-14,45.8308,1183.1726,2.4323,5.1577,3.8846,0.0,,218623.773
137,2021-09-13,47.2688,1220.298,2.5086,5.3195,4.0065,0.0,,225483.7276
138,2021-09-10,46.2684,1194.4716,2.4555,5.207,3.9217,0.0,,220711.5853
139,2021-09-09,47.0813,1215.4556,2.4987,5.2984,3.9906,0.0,,224588.9509
140,2021-09-08,48.5819,1254.1952,2.5783,5.4673,4.1178,0.0,,231747.1645
141,2021-09-07,48.0817,1241.282,2.5517,5.411,4.0754,0.0,,229361.0933
142,2021-09-06,45.3931,1171.8735,2.4091,5.1084,3.8475,0.0,,216535.9607
143,2021-09-03,45.143,1165.4169,2.3958,5.0803,3.8263,0.0,,215342.9251
144,2021-09-02,43.83,1131.5197,2.3261,4.9325,3.715,0.0,,209079.4882
145,2021-09-01,45.0179,1162.1886,2.3892,5.0662,3.8157,0.0,,214746.4073
146,2021-08-31,43.3298,1118.6065,2.2996,4.8762,3.6726,0.0,,206693.417
147,2021-08-30,43.6424,1126.6773,2.3162,4.9114,3.6991,0.0,,208184.7115
148,2021-08-27,43.2047,1115.3782,2.2929,4.8622,3.662,0.0,,206096.8992
149,2021-08-26,44.1426,1139.5905,2.3427,4.9677,3.7415,0.0,,210570.7827
150,2021-08-25,45.0179,1162.1886,2.3892,5.0662,3.8157,0.0,,214746.4073
151,2021-08-24,45.3931,1171.8735,2.4091,5.1084,3.8475,0.0,,216535.9607
152,2021-08-23,46.0183,1188.015,2.4422,5.1788,3.9005,0.0,,219518.5497
153,2021-08-20,44.7053,1154.1179,2.3726,5.031,3.7892,0.0,,213255.1128
154,2021-08-19,45.0179,1162.1886,2.3892,5.0662,3.8157,0.0,,214746.4073
155,2021-08-18,45.6432,1178.3301,2.4223,5.1366,3.8687,0.0,,217728.9963
156,2021-08-17,44.3302,1144.4329,2.3527,4.9888,3.7574,0.0,,211465.5594
157,2021-08-16,48.2067,1244.5103,2.5584,5.4251,4.086,0.0,,229957.6111
158,2021-08-13,48.8945,1262.266,2.5949,5.5025,4.1443,0.0,,233238.459
159,2021-08-12,49.9574,1289.7065,2.6513,5.6221,4.2344,0.0,,238308.8603
160,2021-08-11,48.4568,1250.9669,2.5717,5.4532,4.1072,0.0,,231150.6467
161,2021-08-10,49.0195,90.0054,2.5784,5.5166,5.2693,0.0,,233834.9768
162,2021-08-09,48.0817,88.2834,2.5291,5.411,5.1685,0.0,,229361.0933
163,2021-08-06,47.9566,88.0538,2.5225,5.3969,5.1551,0.0,,228764.5755
164,2021-08-05,49.3322,90.5794,2.5948,5.5517,5.3029,0.0,,235326.2713
165,2021-08-04,48.2692,88.6278,2.5389,5.4321,5.1887,0.0,,230255.87
166,2021-08-03,48.5819,89.2018,2.5554,5.4673,5.2223,0.0,,231747.1645
167,2021-08-02,46.5185,85.4133,2.4469,5.2351,5.0005,0.0,,221904.6209
168,2021-07-30,45.4556,83.4616,2.3909,5.1155,4.8862,0.0,,216834.2196
169,2021-07-29,44.5803,81.8544,2.3449,5.017,4.7921,0.0,,212658.595
170,2021-07-28,43.5173,79.9028,2.289,4.8974,4.6779,0.0,,207588.1937
171,2021-07-27,46.0183,84.4949,2.4205,5.1788,4.9467,0.0,,219518.5497
172,2021-07-26,46.9562,86.2169,2.4699,5.2844,5.0475,0.0,,223992.4331
173,2021-07-23,48.957,89.8906,2.5751,5.5095,5.2626,0.0,,233536.7179
174,2021-07-22,50.3951,92.5311,2.6508,5.6714,5.4172,0.0,,240396.6726
175,2021-07-21,49.5197,90.9238,2.6047,5.5729,5.3231,0.0,,236221.048
176,2021-07-20,47.1438,86.5613,2.4797,5.3055,5.0677,0.0,,224887.2098
177,2021-07-19,47.0187,86.3317,2.4732,5.2914,5.0543,0.0,,224290.692
178,2021-07-16,48.2692,88.6278,2.5389,5.4321,5.1887,0.0,,230255.87
179,2021-07-15,48.8945,89.7758,2.5718,5.5025,5.2559,0.0,,233238.459
180,2021-07-14,50.2075,92.1867,2.6409,5.6503,5.397,0.0,,239501.8959
181,2021-07-13,51.2704,94.1383,2.6968,5.7699,5.5113,0.0,,244572.2972
182,2021-07-12,51.0203,93.6791,2.6836,5.7417,5.4844,0.0,,243379.2616
183,2021-07-09,49.1446,90.235,2.585,5.5306,5.2828,0.0,,234431.4946
184,2021-07-08,49.8949,91.6126,2.6244,5.6151,5.3634,0.0,,238010.6014
185,2021-07-07,51.2704,94.1383,2.6968,5.7699,5.5113,0.0,,244572.2972
186,2021-07-06,50.8953,93.4495,2.6771,5.7277,5.471,0.0,,242782.7438
187,2021-07-05,51.8957,95.2863,2.7297,5.8402,5.5785,0.0,,247554.8862
188,2021-07-02,51.0829,93.7939,2.6869,5.7488,5.4911,0.0,,243677.5205
189,2021-07-01,48.3318,88.7426,2.5422,5.4392,5.1954,0.0,,230554.1289
190,2021-06-30,50.27,92.3015,2.6442,5.6573,5.4038,0.0,,239800.1548
191,2021-06-29,49.5823,91.0386,2.608,5.5799,5.3298,0.0,,236519.3069
192,2021-06-28,48.3318,88.7426,2.5422,5.4392,5.1954,0.0,,230554.1289
193,2021-06-25,47.8316,87.8241,2.5159,5.3829,5.1416,0.0,,228168.0577
194,2021-06-24,47.5815,87.3649,2.5028,5.3547,5.1148,0.0,,226975.0221
195,2021-06-23,49.6448,91.1534,2.6113,5.5869,5.3366,0.0,,236817.5658
196,2021-06-22,51.3955,94.3679,2.7034,5.7839,5.5247,0.0,,245168.815
197,2021-06-21,48.8945,89.7758,2.5718,5.5025,5.2559,0.0,,233238.459
198,2021-06-18,50.145,92.0719,2.6376,5.6432,5.3903,0.0,,239203.637
199,2021-06-17,51.8957,95.2863,2.7297,5.8402,5.5785,0.0,,247554.8862
200,2021-06-08,48.3943,88.8574,2.5455,5.4462,5.2021,0.0,,230852.3878
201,2021-06-07,46.8312,85.9873,2.4633,5.2703,5.0341,0.0,,223395.9154
202,2021-06-04,46.5811,85.5281,2.4501,5.2421,5.0072,0.0,,222202.8798
203,2021-06-03,45.8308,84.1505,2.4107,5.1577,4.9266,0.0,,218623.773
204,2021-06-02,44.9554,82.5432,2.3646,5.0592,4.8325,0.0,,214448.1484
205,2021-06-01,45.7682,84.0357,2.4074,5.1507,4.9198,0.0,,218325.5141
206,2021-05-31,45.4556,83.4616,2.3909,5.1155,4.8862,0.0,,216834.2196
207,2021-05-28,44.4552,81.6248,2.3383,5.0029,4.7787,0.0,,212062.0772
208,2021-05-27,45.0805,82.7728,2.3712,5.0733,4.8459,0.0,,215044.6662
209,2021-05-26,44.7053,82.084,2.3515,5.031,4.8056,0.0,,213255.1128
210,2021-05-25,44.4552,81.6248,2.3383,5.0029,4.7787,0.0,,212062.0772
211,2021-05-24,44.8929,82.4284,2.3613,5.0522,4.8257,0.0,,214149.8895
212,2021-05-21,45.5181,83.5764,2.3942,5.1225,4.893,0.0,,217132.4785
213,2021-05-20,43.2047,79.3287,2.2725,4.8622,4.6443,0.0,,206096.8992
214,2021-05-19,43.0797,79.0991,2.266,4.8481,4.6308,0.0,,205500.3814
215,2021-05-18,44.0801,80.936,2.3186,4.9607,4.7384,0.0,,210272.5238
216,2021-05-17,44.0175,80.8212,2.3153,4.9536,4.7317,0.0,,209974.2649
217,2021-05-14,44.8929,82.4284,2.3613,5.0522,4.8257,0.0,,214149.8895
218,2021-05-13,43.8925,80.5916,2.3087,4.9396,4.7182,0.0,,209377.7471
219,2021-05-12,44.3927,81.51,2.335,4.9959,4.772,0.0,,211763.8183
220,2021-05-11,44.2676,81.2804,2.3285,4.9818,4.7585,0.0,,211167.3005
221,2021-05-10,44.0175,80.8212,2.3153,4.9536,4.7317,0.0,,209974.2649
222,2021-05-07,43.6424,80.1324,2.2956,4.9114,4.6913,0.0,,208184.7115
223,2021-05-06,43.3298,79.5583,2.2791,4.8762,4.6577,0.0,,206693.417
224,2021-04-30,42.642,78.2955,2.2429,4.7988,4.5838,0.0,,203412.5691
225,2021-04-29,44.1426,81.0508,2.3219,4.9677,4.7451,0.0,,210570.7827
226,2021-04-28,44.2676,44.2676,2.3056,4.9818,4.9818,0.0,,211167.3005
227,2021-04-27,46.8937,46.8937,2.4424,5.2773,5.2773,0.0,,223694.1743
228,2021-04-26,47.644,47.644,2.4814,5.3618,5.3618,0.0,,227273.281
229,2021-04-23,48.7069,48.7069,2.5368,5.4814,5.4814,0.0,,232343.6823
230,2021-04-22,50.5201,50.5201,2.6312,5.6854,5.6854,0.0,,240993.1904
231,2021-04-21,51.0829,51.0829,2.6605,5.7488,5.7488,0.0,,243677.5205
232,2021-04-20,51.5205,51.5205,2.6833,5.798,5.798,0.0,,245765.3328
233,2021-04-19,51.5205,51.5205,2.6833,5.798,5.798,0.0,,245765.3328
234,2021-04-16,51.2079,51.2079,2.6671,5.7628,5.7628,0.0,,244274.0383
235,2021-04-15,,,2.5267,4.4269,5.1322,0.0,,228168.0577
236,2021-04-14,,,2.5432,4.4558,5.1658,0.0,,229659.3522
237,2021-04-13,,,2.5267,4.4269,5.1322,0.0,,228168.0577
238,2021-04-12,,,2.4837,4.3517,5.045,0.0,,224290.692
239,2021-04-09,,,2.6984,4.7278,5.4811,0.0,,243677.5205
240,2021-04-08,,,2.6753,4.6873,5.4341,0.0,,241589.7082
241,2021-04-07,,,2.7249,4.7741,5.5347,0.0,,246063.5917
242,2021-04-06,,,2.7447,4.8088,5.575,0.0,,247853.1451
243,2021-04-02,,,2.6489,4.641,5.3804,0.0,,239203.637
244,2021-04-01,,,2.6324,4.6121,5.3469,0.0,,237712.3425
245,2021-03-31,,,2.672,4.6815,5.4274,0.0,,241291.4493
246,2021-03-30,,,2.6786,4.6931,5.4408,0.0,,241887.9671
247,2021-03-29,,,2.7348,4.7915,5.5549,0.0,,246958.3684
248,2021-03-26,,,2.8239,4.9477,5.736,0.0,,255011.3586
249,2021-03-25,,,2.8702,5.0287,5.8299,0.0,,259186.9832
250,2021-03-24,,,2.7546,4.8262,5.5951,0.0,,248747.9218
251,2021-03-23,,,2.6687,4.6757,5.4207,0.0,,240993.1904
252,2021-03-22,,,2.606,4.5658,5.2932,0.0,,235326.2713
253,2021-03-19,,,2.5894,4.5368,5.2597,0.0,,233834.9768
254,2021-03-18,,,2.5696,4.5021,5.2194,0.0,,232045.4234
255,2021-03-17,,,2.6026,4.56,5.2865,0.0,,235028.0124
256,2021-03-16,,,2.5729,4.5079,5.2261,0.0,,232343.6823
257,2021-03-15,,,2.5069,4.3922,5.092,0.0,,226378.5043
258,2021-03-12,,,2.497,4.3748,5.0718,0.0,,225483.7276
259,2021-03-11,,,2.5465,4.4616,5.1725,0.0,,229957.6111
260,2021-03-10,,,2.4837,4.3517,5.045,0.0,,224290.692
261,2021-03-09,,,2.5696,4.5021,5.2194,0.0,,232045.4234
262,2021-03-08,,,2.7083,4.7452,5.5012,0.0,,244572.2972
263,2021-03-05,,,2.7612,4.8377,5.6085,0.0,,249344.4396
264,2021-03-04,,,2.7249,4.7741,5.5347,0.0,,246063.5917
265,2021-03-03,,,2.8008,4.9072,5.689,0.0,,252923.5464
266,2021-03-02,,,2.8074,4.9188,5.7025,0.0,,253520.0642
267,2021-03-01,,,2.8438,4.9824,5.7763,0.0,,256800.912
268,2021-02-26,,,2.748,4.8146,5.5817,0.0,,248151.404
269,2021-02-25,,,2.748,4.8146,5.5817,0.0,,248151.404
270,2021-02-24,,,2.8206,4.9419,5.7293,0.0,,254713.0997
271,2021-02-23,,,2.7909,4.8898,5.6689,0.0,,252028.7697
272,2021-02-22,,,2.8107,4.9246,5.7092,0.0,,253818.323
273,2021-02-19,,,2.8669,5.0229,5.8232,0.0,,258888.7243
274,2021-02-18,,,2.6885,4.7104,5.4609,0.0,,242782.7438
275,2021-02-10,,,2.5465,4.4616,5.1725,0.0,,229957.6111
276,2021-02-09,,,2.5663,4.4963,5.2127,0.0,,231747.1645
277,2021-02-08,,,2.5366,4.4442,5.1523,0.0,,229062.8344
278,2021-02-05,,,2.5894,4.5368,5.2597,0.0,,233834.9768
279,2021-02-04,,,2.6522,4.6468,5.3871,0.0,,239501.8959
280,2021-02-03,,,2.7315,4.7857,5.5482,0.0,,246660.1095
281,2021-02-02,,,2.8669,5.0229,5.8232,0.0,,258888.7243
282,2021-02-01,,,2.8636,5.0171,5.8165,0.0,,258590.4654
283,2021-01-29,,,3.0122,5.2775,6.1184,0.0,,272012.1159
284,2021-01-28,,,3.1674,5.5495,6.4337,0.0,,286030.2841
285,2021-01-27,,,3.5935,6.296,7.2991,0.0,,324505.6821
286,2021-01-26,,,3.7091,6.4986,7.5339,0.0,,334944.7436
287,2021-01-25,,,3.7686,6.6027,7.6547,0.0,,340313.4038
288,2021-01-22,,,3.7785,6.6201,7.6748,0.0,,341208.1805
289,2021-01-21,,,3.7785,6.6201,7.6748,0.0,,341208.1805
290,2021-01-20,,,3.7322,6.5391,7.5809,0.0,,337032.5559
291,2021-01-19,,,3.7025,6.487,7.5205,0.0,,334348.2258
292,2021-01-18,,,3.7686,6.6027,7.6547,0.0,,340313.4038
293,2021-01-15,,,3.6992,6.4812,7.5138,0.0,,334049.9669
294,2021-01-14,,,3.6563,6.406,7.4266,0.0,,330172.6012
295,2021-01-13,,,3.6463,6.3886,7.4065,0.0,,329277.8245
296,2021-01-12,,,3.8577,6.759,7.8358,0.0,,348366.394
297,2021-01-11,,,3.9634,6.9441,8.0505,0.0,,357910.6788
298,2021-01-08,,,4.1319,7.2393,8.3927,0.0,,373121.8826
299,2021-01-07,,,4.079,7.1467,8.2853,0.0,,368349.7403
300,2021-01-06,,,4.406,7.7196,8.9495,0.0,,397877.3713
301,2021-01-05,,,4.4919,7.87,9.1239,0.0,,405632.1026
302,2021-01-04,,,4.3532,7.627,8.8422,0.0,,393105.2289
303,2020-12-31,,,4.3763,7.6675,8.8891,0.2998,,395193.0412
304,2020-12-30,,,4.3003,7.5344,8.7348,0.3051,,388333.0865
305,2020-12-29,,,4.2607,7.4649,8.6543,0.3079,,384753.9797
306,2020-12-28,,,4.1517,7.274,8.4329,0.316,,374911.436
307,2020-12-25,,,4.1517,7.274,8.4329,0.316,,374911.436
308,2020-12-24,,,4.1187,7.2161,8.3658,0.3185,,371928.8471
309,2020-12-23,,,4.0955,7.1756,8.3189,0.3203,,369841.0348
310,2020-12-22,,,3.9403,6.9036,8.0036,0.333,,355822.8665
311,2020-12-21,,,4.155,7.2798,8.4396,0.3158,,375209.6949
312,2020-12-18,,,4.0823,7.1525,8.292,0.3214,,368647.9992
313,2020-12-17,,,4.0823,7.1525,8.292,0.3214,,368647.9992
314,2020-12-16,,,3.9403,6.9036,8.0036,0.333,,355822.8665
315,2020-12-15,,,3.9634,6.9441,8.0505,0.331,,357910.6788
316,2020-12-14,,,3.9403,6.9036,8.0036,0.333,,355822.8665
317,2020-12-11,,,3.8016,6.6606,7.7218,0.3451,,343295.9927
318,2020-12-10,,,3.9568,6.9326,8.0371,0.3316,,357314.161
319,2020-12-09,,,3.9403,6.9036,8.0036,0.333,,355822.8665
320,2020-12-08,,,4.155,7.2798,8.4396,0.3158,,375209.6949
321,2020-12-07,,,4.3168,7.5633,8.7684,0.3039,,389824.381
322,2020-12-04,,,4.3598,7.6386,8.8556,0.3009,,393701.7467
323,2020-12-03,,,4.2607,7.4649,8.6543,0.3079,,384753.9797
324,2020-12-02,,,3.9403,6.9036,8.0036,0.333,,355822.8665
325,2020-12-01,,,4.0262,7.0541,8.178,0.3259,,363577.5979
326,2020-11-30,,,3.8643,6.7705,7.8493,0.3395,,348962.9118
327,2020-11-27,,,3.5935,6.296,7.2991,0.3651,,324505.6821
328,2020-11-26,,,3.4152,5.9835,6.9369,0.3842,,308399.7016
329,2020-11-25,,,3.5274,6.1803,7.165,0.3719,,318540.5041
330,2020-11-24,,,3.5935,6.296,7.2991,0.3651,,324505.6821
331,2020-11-23,,,3.6067,6.3192,7.326,0.3637,,325698.7177
332,2020-11-20,,,3.6067,6.3192,7.326,0.3637,,325698.7177
333,2020-11-19,,,3.6629,6.4175,7.44,0.3582,,330769.119
334,2020-11-18,,,3.6497,6.3944,7.4132,0.3595,,329576.0834
335,2020-11-17,,,3.6397,6.377,7.3931,0.3604,,328681.3067
336,2020-11-16,,,3.6794,6.4465,7.4736,0.3566,,332260.4135
337,2020-11-13,,,3.7058,6.4928,7.5272,0.354,,334646.4847
338,2020-11-12,,,3.7586,6.5854,7.6346,0.349,,339418.6271
339,2020-11-11,,,3.7686,6.6027,7.6547,0.3481,,340313.4038
340,2020-11-10,,,3.8908,6.8168,7.9029,0.3372,,351348.983
341,2020-11-09,,,3.8875,6.811,7.8962,0.3375,,351050.7241
342,2020-11-06,,,3.7851,6.6317,7.6882,0.3466,,341804.6983
343,2020-11-05,,,3.8775,6.7937,7.8761,0.3383,,350155.9474
344,2020-11-04,,,3.7686,6.6027,7.6547,0.3481,,340313.4038
345,2020-11-03,,,3.795,6.649,7.7084,0.3457,,342699.475
346,2020-11-02,,,3.719,6.5159,7.5541,0.3528,,335839.5203
347,2020-10-30,,,3.6827,6.4523,7.4803,0.3562,,332558.6724
348,2020-10-29,,,3.8478,6.7416,7.8157,0.341,,347471.6173
349,2020-10-28,,,3.964,7.0136,7.7138,0.3277,,361489.7856
350,2020-10-27,,,3.9738,7.0309,7.7329,0.3269,,362384.5623
351,2020-10-26,,,4.0,7.0772,7.7839,0.3248,,364770.6335
352,2020-10-23,,,3.9509,6.9904,7.6884,0.3288,,360296.75
353,2020-10-22,,,4.0196,7.112,7.822,0.3232,,366560.1869
354,2020-10-21,,,3.9771,7.0367,7.7393,0.3267,,362682.8212
355,2020-10-20,,,4.1439,7.3319,8.0639,0.3135,,377894.025
356,2020-10-19,,,4.049,7.164,7.8793,0.3209,,369244.517
357,2020-10-16,,,4.085,7.2277,7.9493,0.318,,372525.3649
358,2020-10-15,,,4.193,7.4187,8.1594,0.3098,,382367.9085
359,2020-10-14,,,4.1602,7.3608,8.0957,0.3123,,379385.3195
360,2020-10-13,,,4.2551,7.5286,8.2803,0.3053,,388034.8276
361,2020-10-12,,,4.157,7.355,8.0894,0.3125,,379087.0606
362,2020-10-09,,,4.0033,7.083,7.7902,0.3245,,365068.8924
363,2020-09-30,,,3.8463,6.8053,7.4847,0.3378,,350752.4652
364,2020-09-29,,,3.8561,6.8226,7.5038,0.3369,,351647.2419
365,2020-09-28,,,3.7481,6.6317,7.2938,0.3466,,341804.6983
366,2020-09-25,,,3.879,6.8631,7.5484,0.3349,,353735.0542
367,2020-09-24,,,3.9738,7.0309,7.7329,0.3269,,362384.5623
368,2020-09-23,,,4.2191,7.4649,8.2103,0.3079,,384753.9797
369,2020-09-22,,,4.2682,7.5517,8.3057,0.3044,,389227.8632
370,2020-09-21,,,4.4252,7.8295,8.6112,0.2936,,403544.2903
371,2020-09-18,,,4.2093,7.4476,8.1912,0.3089,,383859.203
372,2020-09-17,,,4.3434,7.6848,8.4521,0.2991,,396087.8179
373,2020-09-16,,,4.4939,7.951,8.7449,0.2891,,409807.7272
374,2020-09-15,,,4.592,8.1246,8.9358,0.2829,,418755.4942
375,2020-09-14,,,5.3638,9.4903,10.4379,0.2422,,489144.5944
376,2020-09-11,,,5.233,9.2588,10.1833,0.2483,,477214.2384
377,2020-09-10,,,5.1643,9.1373,10.0496,0.2516,,470950.8015
378,2020-09-09,,,5.5764,9.8665,10.8516,0.233,,508531.4228
379,2020-09-08,,,5.7269,10.1327,11.1443,0.2268,,522251.3321
380,2020-09-07,,,5.6745,10.0401,11.0425,0.2289,,517479.1898
381,2020-09-04,,,4.8798,8.6339,9.4959,0.2662,,445002.2773
382,2020-09-03,,,4.7751,8.4487,9.2923,0.2721,,435457.9925
383,2020-09-02,,,4.8994,8.6686,9.5341,0.2652,,446791.8307
384,2020-09-01,,,4.9158,8.6975,9.5659,0.2643,,448283.1252
385,2020-08-31,,,4.9223,8.7091,9.5787,0.2639,,448879.643
386,2020-08-28,,,4.7849,8.4661,9.3113,0.2715,,436352.7692
387,2020-08-27,,,4.7522,8.4082,9.2477,0.2734,,433370.1802
388,2020-08-26,,,4.6522,8.4834,8.507,0.271,,437247.5459
389,2020-08-25,,,4.868,8.8769,8.9016,0.2589,,457529.1511
390,2020-08-24,,,4.868,8.8769,8.9016,0.2589,,457529.1511
391,2020-08-21,,,4.649,8.4776,8.5012,0.2711,,436949.287
392,2020-08-20,,,4.2907,7.8243,7.846,0.2938,,403274.5604
393,2020-08-19,,,4.2328,7.7185,7.74,0.2978,,397824.9042
394,2020-08-18,,,4.4583,8.1297,8.1523,0.2827,,419018.0117
395,2020-08-17,,,4.5839,8.3588,8.3821,0.275,,430825.6002
396,2020-08-14,,,4.5678,8.3295,8.3526,0.276,,429311.8068
397,2020-08-13,,,4.3391,7.9124,7.9344,0.2905,,407815.9406
398,2020-08-12,,,4.426,8.071,8.0934,0.2848,,415990.4249
399,2020-08-11,,,4.6548,8.4881,8.5117,0.2708,,437486.2912
400,2020-08-10,,,4.8416,8.8287,8.8533,0.2604,,455046.2945
401,2020-08-07,,,5.051,9.2106,9.2362,0.2496,,474725.6087
402,2020-08-06,,,5.2024,9.4866,9.513,0.2423,,488955.2666
403,2020-08-05,,,4.9092,8.9521,8.977,0.2568,,461404.2268
404,2020-08-04,,,4.6644,8.5057,8.5293,0.2702,,438394.5672
405,2020-08-03,,,4.3294,7.8948,7.9167,0.2912,,406907.6646
406,2020-07-31,,,4.2585,7.7655,7.7871,0.296,,400246.9736
407,2020-07-30,,,4.1844,7.6304,7.6517,0.3012,,393283.524
408,2020-07-29,,,4.2585,7.7655,7.7871,0.296,,400246.9736
409,2020-07-28,,,3.9074,7.1253,7.1451,0.3226,,367246.2776
410,2020-07-27,,,3.9235,7.1546,7.1745,0.3213,,368760.071
411,2020-07-24,,,4.0105,7.3132,7.3336,0.3143,,376934.5554
412,2020-07-23,,,3.9042,7.1194,7.1392,0.3229,,366943.5189
413,2020-07-22,,,3.7947,6.9197,6.9389,0.3322,0.3322,356649.7239
414,2020-07-21,,,3.8108,6.949,6.9684,0.3308,0.3308,358163.5173
415,2020-07-20,,,3.8623,7.043,7.0626,0.3264,0.3264,363007.6561
416,2020-07-17,,,3.5595,6.4909,6.5089,0.3541,0.3541,334548.3403
417,2020-07-16,,,3.4242,6.2442,6.2615,0.3681,0.3681,321832.4758
418,2020-07-15,,,3.3211,6.0562,6.073,0.3795,0.3795,312144.198
419,2020-07-14,,,3.4468,6.2853,6.3028,0.3657,0.3657,323951.7865
420,2020-07-13,,,3.4532,6.297,6.3145,0.365,0.365,324557.3039
421,2020-07-10,,,3.3662,6.1384,6.1555,0.3745,0.3745,316382.8196
422,2020-07-09,,,3.4049,6.2089,6.2262,0.3702,0.3702,320015.9237
423,2020-07-08,,,3.3405,6.0914,6.1084,0.3773,0.3773,313960.7501
424,2020-07-07,,,3.2116,5.8565,5.8728,0.3925,0.3925,301850.403
425,2020-07-06,,,3.2374,5.9035,5.9199,0.3894,0.3894,304272.4724
426,2020-07-03,,,3.0377,5.5393,5.5547,0.415,0.415,285501.4343
427,2020-07-02,,,3.0441,5.551,5.5665,0.4141,0.4141,286106.9517
428,2020-07-01,,,2.9636,5.4042,5.4192,0.4253,0.4253,278537.9847
429,2020-06-30,,,3.0441,5.551,5.5665,0.4141,0.4141,286106.9517
430,2020-06-29,,,2.9088,5.3043,5.3191,0.4333,0.4333,273391.0871
431,2020-06-24,,,2.8766,5.2456,5.2601,0.4382,0.4382,270363.5003
432,2020-06-23,,,2.8766,5.2456,5.2601,0.4382,0.4382,270363.5003
433,2020-06-22,,,2.8992,5.2867,5.3014,0.4348,0.4348,272482.8111
434,2020-06-19,,,2.9088,5.3043,5.3191,0.4333,0.4333,273391.0871
435,2020-06-18,,,2.9894,5.4512,5.4663,0.4217,0.4217,280960.0541
436,2020-06-17,,,2.9958,5.4629,5.4781,0.4208,0.4208,281565.5715
437,2020-06-16,,,3.0119,5.4923,5.5075,0.4185,0.4185,283079.3649
438,2020-06-15,,,2.9829,5.4394,5.4545,0.4226,0.4226,280354.5368
439,2020-06-12,,,2.9958,5.4629,5.4781,0.4208,0.4208,281565.5715
440,2020-06-11,,,2.8766,5.2456,5.2601,0.4382,0.4382,270363.5003
441,2020-06-10,,,2.9281,5.3395,5.3544,0.4305,0.4305,275207.6392
442,2020-06-09,,,3.0087,5.4864,5.5017,0.419,0.419,282776.6062
443,2020-06-08,,,3.0828,5.6215,5.6371,0.4089,0.4089,289740.0558
444,2020-06-05,,,3.1472,5.739,5.7549,0.4005,0.4005,295795.2294
445,2020-06-04,,,3.1633,5.7684,5.7844,0.3985,0.3985,297309.0228
446,2020-06-03,,,3.1182,5.6861,5.7019,0.4042,0.4042,293070.4013
447,2020-06-02,,,2.9475,5.3748,5.3897,0.4277,0.4277,277024.1913
448,2020-06-01,,,2.8315,5.1633,5.1777,0.4452,0.4452,266124.8788
449,2020-05-29,,,2.7316,4.9812,4.9951,0.4615,0.4615,256739.3598
450,2020-05-28,,,2.7027,4.9284,4.9421,0.4664,0.4664,254014.5317
451,2020-05-27,,,2.7059,4.9342,4.948,0.4658,0.4658,254317.2904
452,2020-05-26,,,2.8186,5.1398,5.1541,0.4472,0.4472,264913.8441
453,2020-05-25,,,2.78,5.0693,5.0834,0.4534,0.4534,261280.74
454,2020-05-22,,,2.8992,5.2867,5.3014,0.4348,0.4348,272482.8111
455,2020-05-21,,,2.9604,5.3983,5.4133,0.4258,0.4258,278235.226
456,2020-05-20,,,3.0183,5.504,5.5193,0.4176,0.4176,283684.8822
457,2020-05-19,,,3.0989,5.6509,5.6666,0.4068,0.4068,291253.8492
458,2020-05-18,,,3.0892,5.6332,5.6489,0.408,0.408,290345.5732
459,2020-05-15,,,3.0344,5.5334,5.5488,0.4154,0.4154,285198.6756
460,2020-05-14,,,2.9185,5.3219,5.3367,0.4319,0.4319,274299.3632
461,2020-05-13,,,2.9314,5.3454,5.3603,0.43,0.43,275510.3979
462,2020-05-12,,,3.028,5.5216,5.537,0.4163,0.4163,284593.1583
463,2020-05-11,,,2.9314,5.3454,5.3603,0.43,0.43,275510.3979
464,2020-05-08,,,2.9314,5.3454,5.3603,0.43,0.43,275510.3979
465,2020-05-07,,,2.9314,5.3454,5.3603,0.43,0.43,275510.3979
466,2020-05-06,,,2.8637,5.2221,5.2366,0.4402,0.4402,269152.4656
467,2020-04-30,,,2.6028,4.7463,4.7595,0.4843,0.4843,244629.0126
468,2020-04-29,,,2.4933,4.5465,4.5592,0.5056,0.5056,234335.2175
469,2020-04-28,,,2.4997,4.5583,4.571,0.5043,0.5043,234940.7349
470,2020-04-27,212.4667,,2.391,4.4371,4.595,0.5075,0.5075,233426.9415
471,2020-04-24,223.7652,,2.5181,4.673,4.8393,0.4819,0.4819,245840.0473
472,2020-04-23,238.3706,,2.6825,4.978,5.1552,0.4524,0.4524,261886.2573
473,2020-04-22,233.6858,,2.6298,4.8802,5.0539,0.4615,0.4615,256739.3598
474,2020-04-21,230.3789,,2.5926,4.8111,4.9824,0.4681,0.4681,253106.2556
475,2020-04-20,233.1347,,2.6236,4.8687,5.0419,0.4625,0.4625,256133.8424
476,2020-04-17,228.7255,,2.574,4.7766,4.9466,0.4715,0.4715,251289.7036
477,2020-04-16,229.8278,,2.5864,4.7996,4.9704,0.4692,0.4692,252500.7383
478,2020-04-15,224.3163,,2.5243,4.6845,4.8512,0.4807,0.4807,246445.5647
479,2020-04-14,225.4186,,2.5367,4.7075,4.8751,0.4784,0.4784,247656.5994
480,2020-04-13,222.9385,,2.5088,4.6557,4.8214,0.4837,0.4837,244931.7713
481,2020-04-10,227.3476,,2.5584,4.7478,4.9168,0.4743,0.4743,249775.9102
482,2020-04-09,232.0324,,2.6112,4.8457,5.0181,0.4647,0.4647,254922.8077
483,2020-04-08,232.8591,,2.6205,4.8629,5.036,0.4631,0.4631,255831.0838
484,2020-04-07,229.5522,,2.5833,4.7939,4.9645,0.4698,0.4698,252197.9796
485,2020-04-03,222.1118,,2.4995,4.6385,4.8036,0.4855,0.4855,244023.4953
486,2020-04-02,220.4583,,2.4809,4.6039,4.7678,0.4891,0.4891,242206.9432
487,2020-04-01,211.9156,,2.3848,4.4255,4.583,0.5089,0.5089,232821.4242
488,2020-03-31,204.7507,,2.3042,4.2759,4.4281,0.5267,0.5267,224949.6985
489,2020-03-30,208.3331,,2.3445,4.3507,4.5056,0.5176,0.5176,228885.5613
490,2020-03-27,219.0805,,2.4654,4.5752,4.738,0.4922,0.4922,240693.1498
491,2020-03-26,221.0095,,2.4871,4.6155,4.7797,0.4879,0.4879,242812.4606
492,2020-03-25,225.4186,,2.5367,4.7075,4.8751,0.4784,0.4784,247656.5994
493,2020-03-24,221.8362,,2.4964,4.6327,4.7976,0.4861,0.4861,243720.7366
494,2020-03-23,220.1827,,2.4778,4.5982,4.7618,0.4898,0.4898,241904.1845
495,2020-03-20,225.9698,,2.5429,4.719,4.887,0.4772,0.4772,248262.1168
496,2020-03-19,225.1431,,2.5336,4.7018,4.8691,0.479,0.479,247353.8407
497,2020-03-18,225.6942,,2.5398,4.7133,4.881,0.4778,0.4778,247959.3581
498,2020-03-17,226.2454,,2.546,4.7248,4.893,0.4766,0.4766,248564.8755
499,2020-03-16,233.4102,,2.6267,4.8744,5.0479,0.462,0.462,256436.6011
500,2020-03-13,243.0553,,2.7352,5.0758,5.2565,0.4437,0.4437,267033.1549
501,2020-03-12,249.3935,,2.8065,5.2082,5.3936,0.4324,0.4324,273996.6045
502,2020-03-11,255.4561,,2.8748,5.3348,5.5247,0.4221,0.4221,280657.2954
503,2020-03-10,258.763,,2.912,5.4039,5.5962,0.4167,0.4167,284290.3996
504,2020-03-09,252.9759,,2.8469,5.283,5.471,0.4263,0.4263,277932.4673
505,2020-03-06,263.4477,,2.9647,5.5017,5.6975,0.4093,0.4093,289437.2971
506,2020-03-05,263.1721,,2.9616,5.496,5.6916,0.4097,0.4097,289134.5384
507,2020-03-04,256.8339,,2.8903,5.3636,5.5545,0.4199,0.4199,282171.0888
508,2020-03-03,256.8339,,2.8903,5.3636,5.5545,0.4199,0.4199,282171.0888
509,2020-03-02,258.763,,2.912,5.4039,5.5962,0.4167,0.4167,284290.3996
510,2020-02-28,252.7004,,1.9491,5.2773,6.3129,0.4267,0.4267,277629.7086
511,2020-02-27,276.124,,2.1297,5.7664,6.8981,0.3905,0.3905,303364.1964
512,2020-02-26,275.0218,,2.1212,5.7434,6.8705,0.3921,0.3921,302153.1616
513,2020-02-25,283.8401,,2.1892,5.9276,7.0908,0.3799,0.3799,311841.4394
514,2020-02-24,290.7294,,2.2424,6.0715,7.2629,0.3709,0.3709,319410.4063
515,2020-02-21,278.8798,,2.151,5.824,6.9669,0.3867,0.3867,306391.7831
516,2020-02-20,272.266,,2.1,5.6859,6.8017,0.3961,0.3961,299125.5749
517,2020-02-19,268.9592,,2.0745,5.6168,6.7191,0.4009,0.4009,295492.4707
518,2020-02-18,270.337,,2.0851,5.6456,6.7535,0.3989,0.3989,297006.2641
519,2020-02-17,260.9675,,2.0128,5.4499,6.5194,0.4132,0.4132,286712.469
520,2020-02-14,251.8736,,1.9427,5.26,6.2923,0.4281,0.4281,276721.4326
521,2020-02-13,256.2828,,1.9767,5.3521,6.4024,0.4208,0.4208,281565.5715
522,2020-02-12,258.763,,1.9958,5.4039,6.4644,0.4167,0.4167,284290.3996
523,2020-02-11,257.1095,,1.9831,5.3693,6.4231,0.4194,0.4194,282473.8475
524,2020-02-10,256.8339,,1.9809,5.3636,6.4162,0.4199,0.4199,282171.0888
525,2020-02-07,253.5271,,1.9554,5.2945,6.3336,0.4253,0.4253,278537.9847
526,2020-02-06,248.0156,,1.9129,5.1794,6.1959,0.4348,0.4348,272482.8111
527,2020-02-05,234.5125,,1.8088,4.8974,5.8585,0.4598,0.4598,257647.6358
528,2020-02-04,227.6232,,1.7556,4.7536,5.6864,0.4737,0.4737,250078.6689
529,2020-02-03,252.9759,,1.9512,5.283,6.3198,0.4263,0.4263,277932.4673
530,2020-01-23,281.0844,,2.168,5.87,7.022,0.3836,0.3836,308813.8526
531,2020-01-22,291.5561,,2.2488,6.0887,7.2836,0.3699,0.3699,320318.6824
532,2020-01-21,292.934,,2.2594,6.1175,7.318,0.3681,0.3681,321832.4758
533,2020-01-20,298.1699,,2.2998,6.2268,7.4488,0.3617,0.3617,327584.8907
534,2020-01-17,305.8859,,2.3593,6.388,7.6416,0.3525,0.3525,336062.1337
535,2020-01-16,304.5081,,2.3487,6.3592,7.6072,0.3541,0.3541,334548.3403
536,2020-01-15,314.7043,,2.4273,6.5721,7.8619,0.3427,0.3427,345750.4114
537,2020-01-14,313.3264,,2.4167,6.5434,7.8275,0.3442,0.3442,344236.618
538,2020-01-13,316.6333,,2.4422,6.6124,7.9101,0.3406,0.3406,347869.7222
539,2020-01-10,315.2554,,2.4315,6.5836,7.8756,0.3421,0.3421,346355.9288
540,2020-01-09,305.6103,,2.3572,6.3822,7.6347,0.3528,0.3528,335759.375
541,2020-01-08,300.3745,,2.3168,6.2729,7.5039,0.359,0.359,330006.9601
542,2020-01-07,302.579,,2.3338,6.3189,7.559,0.3564,0.3564,332429.0295
543,2020-01-06,292.6584,,2.2573,6.1117,7.3111,0.3685,0.3685,321529.7171
544,2020-01-03,292.6584,,2.2573,6.1117,7.3111,0.3685,0.3685,321529.7171
545,2020-01-02,291.5561,,2.2488,6.0887,7.2836,0.3699,0.3699,320318.6824
546,2019-12-31,283.8401,,2.1892,5.9276,7.0908,0.0,0.3799,311841.4394
547,2019-12-30,285.7691,,2.2041,5.9679,7.139,0.0,0.3773,313960.7501
548,2019-12-27,289.6271,,2.2339,6.0484,7.2354,0.0,0.3723,318199.3716
549,2019-12-26,302.0279,,2.3295,6.3074,7.5452,0.0,0.357,331823.5122
550,2019-12-25,303.4058,,2.3402,6.3362,7.5796,0.0,0.3554,333337.3056
551,2019-12-24,302.3035,,2.3317,6.3132,7.5521,0.0,0.3567,332126.2709
552,2019-12-23,296.792,,2.2891,6.1981,7.4144,0.0,0.3633,326071.0973
553,2019-12-20,310.8462,,2.3975,6.4916,7.7655,0.0,0.3469,341511.7899
554,2019-12-19,319.1134,,2.4613,6.6642,7.972,0.0,0.3379,350594.5503
555,2019-12-18,314.9798,,2.4294,6.5779,7.8688,0.0,0.3424,346053.1701
556,2019-12-17,321.318,,2.4783,6.7102,8.0271,0.0,0.3356,353016.6197
557,2019-12-16,332.6165,,2.5655,6.9462,8.3094,0.0,0.3242,365429.7256
558,2019-12-13,330.1363,,2.5463,6.8944,8.2474,0.0,0.3266,362704.8974
559,2019-12-12,319.6646,,2.4656,6.6757,7.9858,0.0,0.3373,351200.0676
560,2019-12-11,321.5936,,2.4804,6.716,8.034,0.0,0.3353,353319.3784
561,2019-12-10,317.46,,2.4486,6.6297,7.9307,0.0,0.3397,348777.9982
562,2019-12-09,315.531,,2.4337,6.5894,7.8825,0.0,0.3418,346658.6875
563,2019-12-06,323.247,,2.4932,6.7505,8.0753,0.0,0.3336,355135.9305
564,2019-12-05,314.9798,,2.4294,6.5779,7.8688,0.0,0.3424,346053.1701
565,2019-12-04,303.1302,,2.338,6.3304,7.5727,0.0,0.3557,333034.5469
566,2019-12-03,297.3432,,2.2934,6.2096,7.4282,0.0,0.3627,326676.6146
567,2019-12-02,296.5164,,2.287,6.1923,7.4075,0.0,0.3637,325768.3386
568,2019-11-29,299.8233,,2.3125,6.2614,7.4901,0.0,0.3597,329401.4428
569,2019-11-28,310.2951,,2.3933,6.4801,7.7517,0.0,0.3475,340906.2726
570,2019-11-27,309.7439,,2.389,6.4685,7.738,0.0,0.3481,340300.7552
571,2019-11-26,308.3661,,2.3784,6.4398,7.7035,0.0,0.3497,338786.9618
572,2019-11-25,332.6165,,2.5655,6.9462,8.3094,0.0,0.3242,365429.7256
573,2019-11-22,369.5433,,2.8503,7.7174,9.2318,0.0,0.2918,405999.3885
574,2019-11-21,374.228,,2.8864,7.8152,9.3489,0.0,0.2882,411146.2861
575,2019-11-20,388.5578,,2.9969,8.1145,9.7069,0.0,0.2775,426889.7374
576,2019-11-19,384.1486,,2.9629,8.0224,9.5967,0.0,0.2807,422045.5985
577,2019-11-18,358.7959,,2.7674,7.4929,8.9634,0.0,0.3005,394191.8001
578,2019-11-15,368.441,,2.8418,7.6943,9.2043,0.0,0.2927,404788.3538
579,2019-11-14,409.2258,,3.1563,8.5461,10.2232,0.0,0.2635,449596.6383
580,2019-11-13,389.6601,,3.0054,8.1375,9.7344,0.0,0.2767,428100.7721
581,2019-11-12,377.5349,,2.9119,7.8843,9.4315,0.0,0.2856,414779.3902
582,2019-11-11,389.1089,,3.0012,8.126,9.7206,0.0,0.2771,427495.2547
583,2019-11-08,369.8188,,2.8524,7.7231,9.2387,0.0,0.2916,406302.1472
584,2019-11-07,346.1196,,2.6696,7.2282,8.6467,0.0,0.3116,380264.9008
585,2019-11-06,329.3096,,2.5399,6.8771,8.2267,0.0,0.3275,361796.6214
586,2019-11-05,337.0257,,2.5995,7.0383,8.4195,0.0,0.32,370273.8644
587,2019-11-04,318.8378,,2.4592,6.6585,7.9651,0.0,0.3382,350291.7916
588,2019-11-01,318.2867,,2.4549,6.6469,7.9514,0.0,0.3388,349686.2742
589,2019-10-31,315.8065,,2.4358,6.5951,7.8894,0.0,0.3415,346961.4461
590,2019-10-30,326.2783,,2.5166,6.8138,8.151,0.0,0.3305,358466.2759
591,2019-10-29,304.5081,,2.3487,6.3592,7.6072,0.0,0.3541,334548.3403
592,2019-10-28,313.0508,207.9206,2.4056,6.5376,7.15,0.0,0.3445,343933.8593
593,2019-10-25,299.2722,198.7691,2.2997,6.2499,6.8353,0.0,0.3603,328795.9254
594,2019-10-24,308.0905,204.626,2.3675,6.434,7.0367,0.0,0.35,338484.2031
595,2019-10-23,320.4913,212.8623,2.4628,6.693,7.3199,0.0,0.3365,352108.3437
596,2019-10-22,291.2806,193.4613,2.2383,6.083,6.6528,0.0,0.3702,320015.9237
597,2019-10-21,294.3119,195.4746,2.2616,6.1463,6.722,0.0,0.3664,323346.2692
598,2019-10-18,292.934,194.5595,2.251,6.1175,6.6905,0.0,0.3681,321832.4758
599,2019-10-17,305.6103,202.9788,2.3485,6.3822,6.98,0.0,0.3528,335759.375
600,2019-10-16,293.9262,195.2184,2.2587,6.1382,6.7132,0.0,0.3692,322922.5107
601,2019-10-15,298.3628,198.1651,2.2928,6.2309,6.8145,0.0,0.3614,327796.8127
602,2019-10-14,291.1533,193.3768,2.2374,6.0803,6.6498,0.0,0.3704,319876.0719
603,2019-10-11,293.6489,195.0343,2.2565,6.1324,6.7068,0.0,0.3672,322617.8668
604,2019-10-10,279.7844,185.8259,2.15,5.8429,6.3902,0.0,0.3854,307385.6729
605,2019-10-09,254.2738,168.8824,1.954,5.3101,5.8075,0.0,0.4241,279358.4361
606,2019-10-08,240.4094,159.6739,1.8474,5.0206,5.4909,0.0,0.4485,264126.2422
607,2019-09-30,253.442,168.3299,1.9476,5.2928,5.7885,0.0,0.4255,278444.5045
608,2019-09-27,245.4006,162.989,1.8858,5.1248,5.6049,0.0,0.4394,269609.832
609,2019-09-26,257.324,170.9082,1.9774,5.3738,5.8772,0.0,0.4191,282709.5188
610,2019-09-25,261.4834,173.6707,2.0094,5.4607,5.9722,0.0,0.4124,287279.177
611,2019-09-24,270.6339,179.7483,2.0797,5.6518,6.1812,0.0,0.3985,297332.4249
612,2019-09-23,272.8522,181.2216,2.0967,5.6981,6.2319,0.0,0.3952,299769.576
613,2019-09-20,264.8108,175.8808,2.0349,5.5302,6.0482,0.0,0.4072,290934.9035
614,2019-09-19,264.2562,175.5124,2.0307,5.5186,6.0355,0.0,0.4081,290325.6157
615,2019-09-18,262.0379,174.0391,2.0136,5.4723,5.9849,0.0,0.4115,287888.4647
616,2019-09-17,266.1973,176.8016,2.0456,5.5591,6.0799,0.0,0.4051,292458.1229
617,2019-09-16,270.6339,179.7483,2.0797,5.6518,6.1812,0.0,0.3985,297332.4249
618,2019-09-12,269.5247,179.0116,2.0712,5.6286,6.1559,0.0,0.4001,296113.8494
619,2019-09-11,266.1973,176.8016,2.0456,5.5591,6.0799,0.0,0.4051,292458.1229
620,2019-09-10,267.3064,177.5383,2.0541,5.5823,6.1052,0.0,0.4034,293676.6984
621,2019-09-09,268.1383,178.0908,2.0605,5.5997,6.1242,0.0,0.4022,294590.63
622,2019-09-06,260.3742,172.9341,2.0008,5.4375,5.9469,0.0,0.4142,286060.6014
623,2019-09-05,251.501,167.0407,1.9327,5.2522,5.7442,0.0,0.4288,276311.9973
624,2019-09-04,250.9464,166.6723,1.9284,5.2406,5.7315,0.0,0.4297,275702.7096
625,2019-09-03,251.501,167.0407,1.9327,5.2522,5.7442,0.0,0.4288,276311.9973
626,2019-09-02,253.7193,168.514,1.9497,5.2985,5.7949,0.0,0.425,278749.1484
627,2019-08-30,238.4684,158.3848,1.8325,4.9801,5.4465,0.0,0.4522,261993.7351
628,2019-08-29,246.7871,163.9098,1.8964,5.1538,5.6365,0.0,0.437,271133.0514
629,2019-08-28,243.1823,161.5156,1.8687,5.0785,5.5542,0.0,0.4434,267172.681
630,2019-08-27,248.1735,164.8307,1.9071,5.1827,5.6682,0.0,0.4345,272656.2708
631,2019-08-26,245.1233,162.8048,1.8836,5.119,5.5985,0.0,0.4399,269305.1882
632,2019-08-23,250.1145,166.1198,1.922,5.2233,5.7125,0.0,0.4311,274788.778
633,2019-08-22,250.1145,166.1198,1.922,5.2233,5.7125,0.0,0.4311,274788.778
634,2019-08-21,237.3592,157.6481,1.824,4.9569,5.4212,0.0,0.4543,260775.1596
635,2019-08-20,242.0731,160.779,1.8602,5.0553,5.5289,0.0,0.4455,265954.1055
636,2019-08-19,239.3003,158.9373,1.8389,4.9974,5.4655,0.0,0.4506,262907.6667
637,2019-08-16,220.9992,146.7822,1.6983,4.6152,5.0475,0.0,0.4879,242801.1708
638,2019-08-15,220.7219,146.598,1.6961,4.6094,5.0412,0.0,0.4886,242496.5269
639,2019-08-14,222.1083,147.5188,1.7068,4.6384,5.0729,0.0,0.4855,244019.7463
640,2019-08-13,222.3856,147.703,1.7089,4.6442,5.0792,0.0,0.4849,244324.3902
641,2019-08-12,227.3768,151.018,1.7473,4.7484,5.1932,0.0,0.4743,249807.98
642,2019-08-09,228.7633,151.9389,1.7579,4.7774,5.2249,0.0,0.4714,251331.1994
643,2019-08-08,228.7633,433.0007,1.7526,4.7774,4.6497,0.0,0.4714,251331.1994
644,2019-08-07,216.2853,409.3825,1.657,4.5168,4.3961,0.0,0.4986,237622.2248
645,2019-08-06,224.0494,424.0783,1.7165,4.6789,4.5539,0.0,0.4813,246152.2534
646,2019-08-05,244.846,463.442,1.8758,5.1132,4.9766,0.0,0.4404,269000.5443
647,2019-08-02,246.7871,467.1159,1.8907,5.1538,5.016,0.0,0.437,271133.0514
648,2019-08-01,253.442,479.7123,1.9417,5.2928,5.1513,0.0,0.4255,278444.5045
649,2019-07-31,255.6603,483.9111,1.9587,5.3391,5.1964,0.0,0.4218,280881.6555
650,2019-07-30,265.92,503.3305,2.0373,5.5533,5.4049,0.0,0.4055,292153.479
651,2019-07-29,264.5335,500.7063,2.0267,5.5244,5.3767,0.0,0.4076,290630.2596
652,2019-07-26,268.1383,507.5293,2.0543,5.5997,5.45,0.0,0.4022,294590.63
653,2019-07-25,297.8082,563.6882,2.2816,6.2193,6.0531,0.0,0.3621,327187.525
654,2019-07-24,270.6339,512.2529,2.0734,5.6518,5.5007,0.0,0.3985,297332.4249
655,2019-07-23,245.9552,465.5414,1.8843,5.1364,4.9991,0.0,0.4384,270219.1198
656,2019-07-22,251.5626,476.155,1.9115,5.2535,5.1131,0.0,,276379.6962
657,2019-07-19,257.7246,487.8183,1.9583,5.3822,5.2383,0.0,,283149.5601
658,2019-07-18,254.4895,481.695,1.9337,5.3146,5.1726,0.0,,279595.3815
659,2019-07-17,257.5705,487.5267,1.9572,5.379,5.2352,0.0,,282980.3135
660,2019-07-16,254.9517,482.5698,1.9373,5.3243,5.182,0.0,,280103.1213
661,2019-07-15,251.2545,475.5718,1.9092,5.2471,5.1068,0.0,,276041.203
662,2019-07-12,247.8654,469.157,1.8834,5.1763,5.0379,0.0,,272317.7778
663,2019-07-11,249.0978,471.4896,1.8928,5.202,5.063,0.0,,273671.7506
664,2019-07-10,248.0194,469.4486,1.8846,5.1795,5.0411,0.0,,272487.0244
665,2019-07-09,250.9464,474.9886,1.9068,5.2406,5.1006,0.0,,275702.7098
666,2019-07-08,250.6383,474.4055,1.9045,5.2342,5.0943,0.0,,275364.2166
667,2019-07-05,265.1189,501.8143,2.0145,5.5366,5.3886,0.0,,291273.3969
668,2019-07-04,262.6541,497.1489,1.9958,5.4851,5.3385,0.0,,288565.4513
669,2019-07-03,266.5054,504.4385,2.025,5.5656,5.4168,0.0,,292796.6163
670,2019-07-02,269.2783,509.687,2.0461,5.6235,5.4732,0.0,,295843.0551
671,2019-07-01,266.5054,504.4385,2.025,5.5656,5.4168,0.0,,292796.6163
672,2019-06-28,257.2624,486.9435,1.9548,5.3725,5.2289,0.0,,282641.8203
673,2019-06-27,264.0406,499.7732,2.0063,5.5141,5.3667,0.0,,290088.6707
674,2019-06-26,264.9649,501.5227,2.0133,5.5334,5.3855,0.0,,291104.1503
675,2019-06-25,260.6515,493.3584,1.9806,5.4433,5.2978,0.0,,286365.2455
676,2019-06-24,268.1999,507.6459,2.0379,5.601,5.4513,0.0,,294658.3289
677,2019-06-21,268.8161,508.8123,2.0426,5.6138,5.4638,0.0,,295335.3153
678,2019-06-20,259.111,490.4425,1.9689,5.4111,5.2665,0.0,,284672.7795
679,2019-06-19,257.7246,487.8183,1.9583,5.3822,5.2383,0.0,,283149.5601
680,2019-06-18,254.4895,481.695,1.9337,5.3146,5.1726,0.0,,279595.3815
681,2019-06-17,255.7219,484.0277,1.9431,5.3404,5.1976,0.0,,280949.3543
682,2019-06-14,256.3381,485.194,1.9478,5.3532,5.2102,0.0,,281626.3407
683,2019-06-13,263.2703,498.3153,2.0005,5.498,5.3511,0.0,,289242.4377
684,2019-06-12,263.8865,499.4816,2.0051,5.5109,5.3636,0.0,,289919.4241
685,2019-06-11,268.0459,507.3543,2.0367,5.5977,5.4481,0.0,,294489.0823
686,2019-06-10,260.4974,493.0668,1.9794,5.4401,5.2947,0.0,,286195.9989
687,2019-06-06,249.5599,472.3644,1.8963,5.2117,5.0724,0.0,,274179.4904
688,2019-06-05,264.1946,500.0648,2.0075,5.5173,5.3698,0.0,,290257.9173
689,2019-06-04,260.8055,493.6499,1.9817,5.4465,5.301,0.0,,286534.4921
690,2019-06-03,259.4191,491.0257,1.9712,5.4176,5.2728,0.0,,285011.2727
691,2019-05-31,263.1163,498.0237,1.9993,5.4948,5.3479,0.0,,289073.1911
692,2019-05-30,263.7325,499.19,2.004,5.5077,5.3605,0.0,,289750.1775
693,2019-05-29,260.0353,492.192,1.9759,5.4305,5.2853,0.0,,285688.2591
694,2019-05-28,258.1867,488.693,1.9618,5.3918,5.2477,0.0,,283657.2999
695,2019-05-27,251.8707,476.7381,1.9138,5.2599,5.1194,0.0,,276718.1894
696,2019-05-24,241.0872,456.3273,1.8319,5.0347,4.9002,0.0,,264870.9274
697,2019-05-23,244.1682,462.159,1.8553,5.0991,4.9628,0.0,,268255.8594
698,2019-05-22,249.0978,471.4896,1.8928,5.202,5.063,0.0,,273671.7506
699,2019-05-21,251.4085,475.8634,1.9103,5.2503,5.11,0.0,,276210.4496
700,2019-05-20,248.0194,469.4486,1.8846,5.1795,5.0411,0.0,,272487.0244
701,2019-05-17,244.0142,461.8674,1.8541,5.0959,4.9597,0.0,,268086.6128
702,2019-05-16,259.111,490.4425,1.9689,5.4111,5.2665,0.0,,284672.7795
703,2019-05-15,257.5705,487.5267,1.9572,5.379,5.2352,0.0,,282980.3135
704,2019-05-14,254.4895,481.695,1.9337,5.3146,5.1726,0.0,,279595.3815
705,2019-05-13,258.3408,488.9846,1.963,5.3951,5.2509,0.0,,283826.5465
706,2019-05-10,258.1867,488.693,1.9618,5.3918,5.2477,0.0,,283657.2999
707,2019-05-09,251.2545,475.5718,1.9092,5.2471,5.1068,0.0,,276041.203
708,2019-05-08,247.4032,468.2822,1.8799,5.1666,5.0286,0.0,,271810.038
709,2019-05-07,246.7871,467.1159,1.8752,5.1538,5.016,0.0,,271133.0516
710,2019-05-06,243.8601,461.5758,1.853,5.0927,4.9565,0.0,,267917.3662
711,2019-04-30,268.1999,507.6459,2.0379,5.601,5.4513,0.0,,294658.3289
712,2019-04-29,261.7298,495.3994,1.9888,5.4658,5.3197,0.0,,287549.9717
713,2019-04-26,278.2131,526.5988,2.114,5.8101,5.6548,0.0,,305659.3578
714,2019-04-25,276.9807,524.2662,2.1046,5.7843,5.6297,0.0,,304305.385
715,2019-04-24,66.5756,288.0723,2.1612,4.5831,6.016,0.0,,316491.1401
716,2019-04-23,67.2165,48.3223,2.1028,4.6273,5.6771,0.0,,319537.5789
717,2019-04-22,70.6699,50.805,2.2108,4.865,5.9687,0.0,,335954.499
718,2019-04-19,72.984,52.4686,2.2832,5.0243,6.1642,0.0,,346955.528
719,2019-04-18,71.6311,51.496,2.2409,4.9312,6.0499,0.0,,340524.1572
720,2019-04-17,73.3756,52.7502,2.2955,5.0513,6.1973,0.0,,348817.2405
721,2019-04-16,72.9484,52.443,2.2821,5.0218,6.1612,0.0,,346786.2814
722,2019-04-15,72.0227,51.7776,2.2531,4.9581,6.083,0.0,,342385.8698
723,2019-04-12,73.8028,53.0573,2.3088,5.0807,6.2334,0.0,,350848.1997
724,2019-04-11,71.7735,51.5984,2.2453,4.941,6.062,0.0,,341201.1436
725,2019-04-10,71.8091,51.624,2.2465,4.9434,6.065,0.0,,341370.3902
726,2019-04-09,75.6185,54.3626,2.3656,5.2057,6.3867,0.0,,359479.7763
727,2019-04-08,72.5568,52.1615,2.2698,4.9949,6.1281,0.0,,344924.5688
728,2019-04-04,75.4761,54.2602,2.3612,5.1959,6.3747,0.0,,358802.7899
729,2019-04-03,76.0814,54.6954,2.3801,5.2375,6.4258,0.0,,361679.9821
730,2019-04-02,75.3337,54.1579,2.3567,5.1861,6.3626,0.0,,358125.8035
731,2019-04-01,75.1557,54.0299,2.3512,5.1738,6.3476,0.0,,357279.5705
732,2019-03-29,72.984,52.4686,2.2832,5.0243,6.1642,0.0,,346955.528
733,2019-03-28,75.1201,54.0043,2.35,5.1713,6.3446,0.0,,357110.3239
734,2019-03-27,83.451,59.9934,2.6107,5.7449,7.0482,0.0,,396714.0281
735,2019-03-26,81.1724,58.3554,2.5394,5.588,6.8558,0.0,,385882.2457
736,2019-03-25,80.7452,58.0482,2.526,5.5586,6.8197,0.0,,383851.2865
737,2019-03-22,84.8394,60.9916,2.6541,5.8404,7.1655,0.0,,403314.6454
738,2019-03-21,83.5934,60.0958,2.6151,5.7547,7.0603,0.0,,397391.0145
739,2019-03-20,79.6771,57.2804,2.4926,5.4851,6.7295,0.0,,378773.8886
740,2019-03-19,80.2824,57.7155,2.5115,5.5267,6.7806,0.0,,381651.0807
741,2019-03-18,72.984,52.4686,2.2832,5.0243,6.1642,0.0,,346955.528
742,2019-03-15,71.2039,51.1889,2.2275,4.9017,6.0138,0.0,,338493.198
743,2019-03-14,68.3557,49.1414,2.1384,4.7057,5.7733,0.0,,324953.4701
744,2019-03-13,70.5274,50.7026,2.2064,4.8552,5.9567,0.0,,335277.5126
745,2019-03-12,73.5536,52.8781,2.301,5.0635,6.2123,0.0,,349663.4735
746,2019-03-11,74.052,53.2365,2.3166,5.0978,6.2544,0.0,,352032.9259
747,2019-03-08,69.851,50.2163,2.1852,4.8086,5.8996,0.0,,332061.8272
748,2019-03-07,73.696,52.9805,2.3055,5.0733,6.2243,0.0,,350340.4599
749,2019-03-06,71.1327,51.1377,2.2253,4.8968,6.0078,0.0,,338154.7048
750,2019-03-05,69.7798,50.1651,2.183,4.8037,5.8936,0.0,,331723.334
751,2019-03-04,65.3296,46.9658,2.0438,4.4974,5.5177,0.0,,310567.5092
752,2019-03-01,65.1516,46.8379,2.0382,4.4851,5.5027,0.0,,309721.2762
753,2019-02-28,65.1516,46.8379,2.0382,4.4851,5.5027,0.0,,309721.2762
754,2019-02-27,64.7599,46.5563,2.0259,4.4581,5.4696,0.0,,307859.5636
755,2019-02-26,69.1746,49.73,2.164,4.762,5.8425,0.0,,328846.1419
756,2019-02-25,66.1484,47.5545,2.0694,4.5537,5.5869,0.0,,314460.1809
757,2019-02-22,62.0542,38.0865,1.9883,4.2719,4.6589,0.0,,294996.8221
758,2019-02-21,61.4134,37.6932,1.9678,4.2278,4.6108,0.0,,291950.3833
759,2019-02-20,62.0542,38.0865,1.9883,4.2719,4.6589,0.0,,294996.8221
760,2019-02-19,61.5202,37.7587,1.9712,4.2351,4.6188,0.0,,292458.1231
761,2019-02-18,60.8437,37.3436,1.9495,4.1885,4.568,0.0,,289242.4377
762,2019-02-15,56.5003,34.6777,1.8103,3.8895,4.2419,0.0,,268594.3526
763,2019-02-14,56.7851,34.8525,1.8195,3.9091,4.2633,0.0,,269948.3254
764,2019-02-13,55.8951,34.3063,1.791,3.8479,4.1965,0.0,,265717.1604
765,2019-02-12,54.6846,33.5633,1.7522,3.7645,4.1056,0.0,,259962.7761
766,2019-02-11,54.0437,33.17,1.7316,3.7204,4.0575,0.0,,256916.3373
767,2019-02-01,52.3705,32.143,1.678,3.6052,3.9319,0.0,,248961.7471
768,2019-01-31,49.8427,30.5916,1.597,3.4312,3.7421,0.0,,236945.2386
769,2019-01-30,53.0469,32.5582,1.6997,3.6518,3.9827,0.0,,252177.4325
770,2019-01-29,54.0081,33.1481,1.7305,3.718,4.0548,0.0,,256747.0907
771,2019-01-28,56.9631,34.9618,1.8252,3.9214,4.2767,0.0,,270794.5584
772,2019-01-25,55.1474,33.8474,1.767,3.7964,4.1404,0.0,,262162.9819
773,2019-01-24,56.5003,34.6777,1.8103,3.8895,4.2419,0.0,,268594.3526
774,2019-01-23,56.3579,34.5903,1.8058,3.8797,4.2312,0.0,,267917.3662
775,2019-01-22,55.8238,34.2626,1.7887,3.843,4.1912,0.0,,265378.6672
776,2019-01-21,55.7526,34.2188,1.7864,3.8381,4.1858,0.0,,265040.174
777,2019-01-18,55.9307,34.3281,1.7921,3.8503,4.1992,0.0,,265886.407
778,2019-01-17,54.6846,33.5633,1.7522,3.7645,4.1056,0.0,,259962.7761
779,2019-01-16,56.3223,34.5685,1.8046,3.8773,4.2286,0.0,,267748.1196
780,2019-01-15,56.1087,34.4374,1.7978,3.8626,4.2125,0.0,,266732.64
781,2019-01-14,56.2155,34.5029,1.8012,3.8699,4.2206,0.0,,267240.3798
782,2019-01-11,55.6814,34.1751,1.7841,3.8332,4.1805,0.0,,264701.6808
783,2019-01-10,55.539,34.0877,1.7795,3.8234,4.1698,0.0,,264024.6944
784,2019-01-09,55.3966,34.0003,1.775,3.8136,4.1591,0.0,,263347.708
785,2019-01-08,55.5034,34.0659,1.7784,3.8209,4.1671,0.0,,263855.4478
786,2019-01-07,56.1443,34.4592,1.7989,3.865,4.2152,0.0,,266901.8866
787,2019-01-04,55.3254,33.9566,1.7727,3.8087,4.1537,0.0,,263009.2148
788,2019-01-03,53.7589,32.9952,1.7225,3.7008,4.0361,0.0,,255562.3645
789,2019-01-02,53.6165,32.9078,1.7179,3.691,4.0254,0.0,,254885.3781
790,2018-12-28,54.8982,33.6944,1.759,3.7792,4.1217,0.1215,,260978.2557
791,2018-12-27,54.8626,33.6726,1.7579,3.7768,4.119,0.1216,,260809.0091
792,2018-12-26,56.7139,34.8088,1.8172,3.9042,4.258,0.1177,,269609.8322
793,2018-12-25,57.7464,35.4425,1.8503,3.9753,4.3355,0.1155,,274517.9836
794,2018-12-24,59.8825,36.7536,1.9187,4.1224,4.4959,0.1114,,284672.7795
795,2018-12-21,59.7045,36.6443,1.913,4.1101,4.4825,0.1118,,283826.5465
796,2018-12-20,58.9212,36.1636,1.8879,4.0562,4.4237,0.1132,,280103.1213
797,2018-12-19,58.4228,35.8577,1.8719,4.0219,4.3863,0.1142,,277733.669
798,2018-12-18,57.9244,35.5518,1.856,3.9876,4.3489,0.1152,,275364.2166
799,2018-12-17,58.8856,36.1417,1.8868,4.0537,4.421,0.1133,,279933.8747
800,2018-12-14,58.138,35.6829,1.8628,4.0023,4.3649,0.1148,,276379.6962
801,2018-12-13,59.7045,36.6443,1.913,4.1101,4.4825,0.1118,,283826.5465
802,2018-12-12,59.7757,36.688,1.9153,4.115,4.4878,0.1116,,284165.0397
803,2018-12-11,59.2416,36.3603,1.8982,4.0783,4.4478,0.1126,,281626.3407
804,2018-12-10,58.6008,35.9669,1.8777,4.0341,4.3996,0.1139,,278579.902
805,2018-12-07,61.0929,37.4965,1.9575,4.2057,4.5867,0.1092,,290427.1639
806,2018-12-06,61.805,37.9335,1.9803,4.2547,4.6402,0.108,,293812.0959
807,2018-12-05,65.5076,40.2061,2.099,4.5096,4.9182,0.1019,,311413.7422
808,2018-12-04,62.873,38.5891,2.0145,4.3282,4.7204,0.1061,,298889.4938
809,2018-12-03,62.1966,38.1739,1.9929,4.2817,4.6696,0.1073,,295673.8085
810,2018-11-30,61.1285,37.5184,1.9586,4.2082,4.5894,0.1092,,290596.4105
811,2018-11-29,62.695,38.4798,2.0088,4.316,4.707,0.1064,,298043.2608
812,2018-11-28,67.1097,41.1894,2.1503,4.6199,5.0385,0.0994,,319029.8391
813,2018-11-27,67.2387,41.2686,2.1527,4.6288,5.0482,0.0992,,319643.3069
814,2018-11-26,69.4468,42.6238,2.2233,4.7808,5.2139,0.0961,,330140.0681
815,2018-11-23,77.1749,47.367,2.4708,5.3128,5.7942,0.0865,,366878.732
816,2018-11-22,70.159,43.0609,2.2462,4.8298,5.2674,0.0951,,333526.12
817,2018-11-21,63.7842,39.1483,2.0421,4.391,4.7888,0.1046,,303220.9548
818,2018-11-20,62.2884,38.2302,1.9942,4.288,4.6765,0.1071,,296110.2457
819,2018-11-19,62.6445,38.4488,2.0056,4.3125,4.7032,0.1065,,297803.2716
820,2018-11-16,62.4665,38.3395,1.9999,4.3003,4.6899,0.1068,,296956.7586
821,2018-11-15,62.1103,38.121,1.9885,4.2757,4.6631,0.1074,,295263.7327
822,2018-11-14,60.2584,36.9843,1.9292,4.1483,4.5241,0.1107,,286459.9975
823,2018-11-13,60.1872,36.9406,1.9269,4.1433,4.5187,0.1109,,286121.3923
824,2018-11-12,59.8311,36.722,1.9155,4.1188,4.492,0.1115,,284428.3663
825,2018-11-09,59.3325,36.416,1.8995,4.0845,4.4546,0.1125,,282058.1299
826,2018-11-08,58.3709,35.8258,1.8688,4.0183,4.3824,0.1143,,277486.9598
827,2018-11-07,57.8367,35.498,1.8517,3.9815,4.3423,0.1154,,274947.4208
828,2018-11-06,58.4421,35.8695,1.871,4.0232,4.3877,0.1142,,277825.565
829,2018-11-05,58.7626,36.0663,1.8813,4.0453,4.4118,0.1136,,279349.2884
830,2018-11-02,59.1188,36.2849,1.8927,4.0698,4.4385,0.1129,,281042.3143
831,2018-11-01,57.2313,35.1264,1.8323,3.9399,4.2968,0.1166,,272069.2766
832,2018-10-31,56.7327,34.8203,1.8163,3.9055,4.2594,0.1176,,269699.0402
833,2018-10-30,55.7711,34.2302,1.7855,3.8393,4.1872,0.1196,,265127.87
834,2018-10-29,55.9492,44.5205,1.8143,3.8516,4.181,0.1193,,265974.383
835,2018-10-26,56.0204,44.5772,1.8166,3.8565,4.1863,0.1191,,266312.9882
836,2018-10-25,56.3765,44.8606,1.8282,3.881,4.2129,0.1184,,268006.0142
837,2018-10-24,55.8779,44.4638,1.812,3.8467,4.1756,0.1194,,265635.7778
838,2018-10-23,55.3081,44.0104,1.7935,3.8075,4.1331,0.1206,,262926.9362
839,2018-10-22,56.5546,45.0023,1.834,3.8933,4.2262,0.118,,268852.5272
840,2018-10-19,54.2397,43.1602,1.7589,3.7339,4.0532,0.123,,257847.8583
841,2018-10-18,53.0288,42.1967,1.7196,3.6506,3.9627,0.1258,,252091.5699
842,2018-10-17,53.5274,42.5934,1.7358,3.6849,4.0,0.1247,,254461.8063
843,2018-10-16,53.4562,42.5368,1.7335,3.68,3.9947,0.1248,,254123.2011
844,2018-10-15,54.0616,43.0185,1.7531,3.7217,4.0399,0.1234,,257001.3453
845,2018-10-12,54.0616,43.0185,1.7531,3.7217,4.0399,0.1234,,257001.3453
846,2018-10-11,55.1657,43.897,1.7889,3.7977,4.1224,0.121,,262249.7259
847,2018-10-10,57.6942,45.9091,1.8709,3.9717,4.3114,0.1157,,274270.2104
848,2018-10-09,58.4777,46.5326,1.8963,4.0257,4.3699,0.1141,,277994.8676
849,2018-10-08,56.2697,44.7755,1.8247,3.8737,4.2049,0.1186,,267498.1064
850,2018-09-28,57.0532,45.399,1.8501,3.9276,4.2635,0.117,,271222.7636
851,2018-09-27,56.3765,44.8606,1.8282,3.881,4.2129,0.1184,,268006.0142
852,2018-09-26,58.2284,46.3342,1.8882,4.0085,4.3513,0.1146,,276809.7494
853,2018-09-25,58.3353,46.4192,1.8917,4.0159,4.3593,0.1144,,277317.6572
854,2018-09-21,58.9763,46.9293,1.9125,4.06,4.4072,0.1131,,280365.1039
855,2018-09-20,58.3353,46.4192,1.8917,4.0159,4.3593,0.1144,,277317.6572
856,2018-09-19,58.8695,46.8443,1.909,4.0526,4.3992,0.1133,,279857.1961
857,2018-09-18,59.1544,47.071,1.9183,4.0723,4.4205,0.1128,,281211.6169
858,2018-09-17,58.2997,46.3909,1.8905,4.0134,4.3566,0.1145,,277148.3546
859,2018-09-14,58.3709,46.4475,1.8928,4.0183,4.3619,0.1143,,277486.9598
860,2018-09-13,60.7214,48.3179,1.9691,4.1801,4.5376,0.1099,,288660.9313
861,2018-09-12,60.0804,47.8078,1.9483,4.136,4.4897,0.1111,,285613.4845
862,2018-09-11,60.116,47.8362,1.9494,4.1384,4.4923,0.111,,285782.7871
863,2018-09-10,57.4093,45.6824,1.8617,3.9521,4.2901,0.1162,,272915.7896
864,2018-09-07,60.6146,48.2329,1.9656,4.1728,4.5296,0.1101,,288153.0235
865,2018-09-06,61.2556,48.743,1.9864,4.2169,4.5775,0.1089,,291200.4703
866,2018-09-05,60.4721,48.1195,1.961,4.163,4.519,0.1103,,287475.8131
867,2018-09-04,60.5077,48.1479,1.9621,4.1654,4.5216,0.1103,,287645.1157
868,2018-09-03,59.9735,47.7228,1.9448,4.1286,4.4817,0.1113,,285105.5767
869,2018-08-31,59.9379,47.6945,1.9437,4.1262,4.479,0.1113,,284936.2741
870,2018-08-30,59.4037,47.2694,1.9263,4.0894,4.4391,0.1123,,282396.7351
871,2018-08-29,60.3296,58.3278,2.0244,4.1532,4.281,0.1106,,286798.6027
872,2018-08-28,60.5077,58.5,2.0304,4.1654,4.2937,0.1103,,287645.1157
873,2018-08-27,59.653,57.6736,2.0017,4.1066,4.233,0.1119,,283581.8533
874,2018-08-24,58.2641,56.3308,1.9551,4.011,4.1344,0.1145,,276979.052
875,2018-08-23,57.7298,55.8143,1.9372,3.9742,4.0965,0.1156,,274439.513
876,2018-08-22,57.1244,55.229,1.9168,3.9325,4.0536,0.1168,,271561.3688
877,2018-08-21,59.2612,57.2949,1.9885,4.0796,4.2052,0.1126,,281719.5247
878,2018-08-20,58.1216,56.1931,1.9503,4.0012,4.1243,0.1148,,276301.8416
879,2018-08-17,57.7655,55.8487,1.9384,3.9766,4.0991,0.1155,,274608.8156
880,2018-08-16,58.4421,56.5029,1.9611,4.0232,4.1471,0.1142,,277825.565
881,2018-08-15,58.7626,56.8128,1.9718,4.0453,4.1698,0.1136,,279349.2884
882,2018-08-14,60.116,58.1212,2.0172,4.1384,4.2659,0.111,,285782.7871
883,2018-08-13,59.4393,57.467,1.9945,4.0919,4.2178,0.1123,,282566.0377
884,2018-08-10,58.9407,56.985,1.9778,4.0575,4.1825,0.1132,,280195.8013
885,2018-08-09,58.9407,56.985,1.9778,4.0575,4.1825,0.1132,,280195.8013
886,2018-08-08,56.5546,54.678,1.8977,3.8933,4.0131,0.118,,268852.5272
887,2018-08-07,56.6258,54.7469,1.9001,3.8982,4.0182,0.1178,,269191.1324
888,2018-08-06,55.7355,53.8861,1.8702,3.8369,3.955,0.1197,,264958.5674
889,2018-08-03,56.0204,54.1616,1.8798,3.8565,3.9752,0.1191,,266312.9882
890,2018-08-02,56.7683,54.8846,1.9049,3.908,4.0283,0.1175,,269868.3428
891,2018-08-01,58.7983,56.8473,1.973,4.0477,4.1723,0.1135,,279518.5909
892,2018-07-31,58.6558,56.7095,1.9682,4.0379,4.1622,0.1138,,278841.3806
893,2018-07-30,59.7598,57.7769,2.0053,4.1139,4.2406,0.1117,,284089.7611
894,2018-07-27,62.0391,59.9806,2.0818,4.2708,4.4023,0.1076,,294925.1275
895,2018-07-26,62.324,60.256,2.0913,4.2905,4.4225,0.1071,,296279.5483
896,2018-07-25,63.4993,61.3923,2.1308,4.3714,4.5059,0.1051,,301866.534
897,2018-07-24,64.1759,62.0465,2.1535,4.4179,4.554,0.104,,305083.2834
898,2018-07-23,63.5349,61.4267,2.132,4.3738,4.5085,0.105,,302035.8366
899,2018-07-20,62.6802,60.6004,2.1033,4.315,4.4478,0.1065,,297972.5742
900,2018-07-19,56.2787,54.4113,2.3055,3.8743,3.9936,0.1082,,267540.7722
901,2018-07-18,57.9033,55.982,2.3721,3.9861,4.1088,0.1051,,275264.2356
902,2018-07-17,58.2608,56.3276,2.3867,4.0107,4.1342,0.1045,,276963.3975
903,2018-07-16,58.5532,56.6103,2.3987,4.0309,4.155,0.114,,278353.6209
904,2018-07-13,58.1308,56.2019,2.3814,4.0018,4.125,0.1148,,276345.5205
905,2018-07-12,58.2933,56.359,2.3881,4.013,4.1365,0.1145,,277117.8668
906,2018-07-11,56.6686,54.7883,2.3215,3.9011,4.0212,0.1177,,269394.4034
907,2018-07-10,58.8131,56.8617,2.4094,4.0488,4.1734,0.1135,,279589.3751
908,2018-07-09,58.6507,56.7046,2.4027,4.0376,4.1619,0.1138,,278817.0287
909,2018-07-06,57.8383,55.9192,2.3694,3.9817,4.1042,0.1154,,274955.297
910,2018-07-05,55.2714,53.4374,2.2643,3.8049,3.9221,0.1207,,262752.2249
911,2018-07-04,57.5459,55.6365,2.3574,3.9615,4.0835,0.116,,273565.0736
912,2018-07-03,58.9756,57.0187,2.416,4.0599,4.1849,0.1131,,280361.7214
913,2018-07-02,58.3257,56.3904,2.3894,4.0152,4.1388,0.1144,,277272.3361
914,2018-06-29,59.4305,57.4586,2.4346,4.0913,4.2172,0.1123,,282524.2912
915,2018-06-28,57.6109,55.6993,2.3601,3.966,4.0881,0.1158,,273874.0122
916,2018-06-27,52.3794,50.6414,2.1458,3.6059,3.7169,0.1274,,249004.46
917,2018-06-26,54.394,52.5892,2.2283,3.7445,3.8598,0.1227,,258581.5546
918,2018-06-25,55.3039,53.4688,2.2656,3.8072,3.9244,0.1207,,262906.6941
919,2018-06-22,55.2389,53.406,2.2629,3.8027,3.9198,0.1208,,262597.7556
920,2018-06-21,50.2024,48.5366,2.0566,3.456,3.5624,0.1329,,238655.0191
921,2018-06-20,53.6142,51.8352,2.1964,3.6909,3.8045,0.1245,,254874.2922
922,2018-06-19,54.2641,52.4635,2.223,3.7356,3.8506,0.123,0.123,257963.6776
923,2018-06-15,60.6763,58.6629,2.4389,4.177,4.3056,0.1107,0.1107,288446.3191
924,2018-06-14,62.737,60.6553,2.5217,4.3189,4.4518,0.1064,0.1064,298242.6092
925,2018-06-13,63.7837,61.6672,2.5638,4.3909,4.5261,0.1046,0.1046,303218.5026
926,2018-06-12,64.4706,62.3314,2.5914,4.4382,4.5749,0.1035,0.1035,306483.9326
927,2018-06-11,65.3537,63.1852,2.6269,4.499,4.6375,0.1021,0.1021,310682.3427
928,2018-06-08,66.0079,63.8177,2.6532,4.5441,4.6839,0.1011,0.1011,313792.276
929,2018-06-07,68.363,66.0946,2.7478,4.7062,4.8511,0.0976,0.0976,324988.0361
930,2018-06-06,68.9191,66.6323,2.7702,4.7445,4.8905,0.0968,0.0968,327631.4795
931,2018-06-05,68.5593,66.2844,2.7557,4.7197,4.865,0.0973,0.0973,325921.0161
932,2018-06-04,67.7088,65.4622,2.7215,4.6611,4.8046,0.0985,0.0985,321878.1028
933,2018-06-01,69.9004,67.581,2.8096,4.812,4.9602,0.0955,0.0955,332296.3795
934,2018-05-31,72.0265,69.6366,2.8951,4.9584,5.111,0.0926,0.0926,342403.6629
935,2018-05-30,70.9798,68.6246,2.853,4.8863,5.0368,0.094,0.094,337427.7696
936,2018-05-29,72.3209,69.9212,2.9069,4.9786,5.1319,0.0923,0.0923,343803.1329
937,2018-05-28,72.0265,69.6366,2.8951,4.9584,5.111,0.0926,0.0926,342403.6629
938,2018-05-18,69.0172,66.7271,2.7741,4.7512,4.8975,0.0967,0.0967,328097.9695
939,2018-05-17,67.7088,65.4622,2.7215,4.6611,4.8046,0.0985,0.0985,321878.1028
940,2018-05-16,68.2322,65.9681,2.7426,4.6972,4.8418,0.0978,0.0978,324366.0494
941,2018-05-15,66.0406,63.8493,2.6545,4.5463,4.6863,0.101,0.101,313947.7727
942,2018-05-14,65.1902,63.0271,2.6203,4.4878,4.6259,0.1024,0.1024,309904.8593
943,2018-05-11,65.3537,63.1852,2.6269,4.499,4.6375,0.1021,0.1021,310682.3427
944,2018-05-10,66.4986,64.2921,2.6729,4.5778,4.7188,0.1003,0.1003,316124.726
945,2018-05-09,66.1715,63.9758,2.6597,4.5553,4.6956,0.1008,0.1008,314569.7594
946,2018-05-08,65.4846,63.3117,2.6321,4.508,4.6468,0.1019,0.1019,311304.3293
947,2018-05-07,65.3864,63.2168,2.6282,4.5013,4.6398,0.102,0.102,310837.8393
948,2018-05-04,64.2743,62.1416,2.5835,4.4247,4.5609,0.1038,0.1038,305550.9526
949,2018-05-03,63.1622,61.0664,2.5388,4.3482,4.482,0.1056,0.1056,300264.0659
950,2018-05-02,62.2463,60.1809,2.502,4.2851,4.417,0.1072,0.1072,295910.1592
951,2018-04-27,63.9472,61.8254,2.5703,4.4022,4.5377,0.1043,0.1043,303995.9859
952,2018-04-26,63.7837,61.6672,2.5638,4.3909,4.5261,0.1046,0.1046,303218.5026
953,2018-04-25,98.6313,62.9234,2.626,5.6868,4.5576,0.1008,0.1008,314725.256
954,2018-04-24,96.7308,61.711,2.5754,5.5772,4.4697,0.1028,0.1028,308660.886
955,2018-04-23,93.7095,59.7835,2.495,5.403,4.3301,0.1061,0.1061,299020.0926
956,2018-04-20,92.9785,59.3172,2.4755,5.3609,4.2964,0.1069,0.1069,296687.6425
957,2018-04-19,96.5359,61.5866,2.5702,5.566,4.4607,0.103,0.103,308038.8993
958,2018-04-18,97.0232,61.8975,2.5832,5.5941,4.4833,0.1025,0.1025,309593.866
959,2018-04-17,95.0252,60.6229,2.53,5.4789,4.3909,0.1046,0.1046,303218.5026
960,2018-04-16,96.2435,61.4001,2.5624,5.5491,4.4472,0.1033,0.1033,307105.9193
961,2018-04-13,98.4364,62.7991,2.6208,5.6756,4.5486,0.101,0.101,314103.2694
962,2018-04-12,100.2394,63.9494,2.6688,5.7795,4.6319,0.0992,0.0992,319856.6461
963,2018-04-11,101.8476,64.9753,2.7117,5.8722,4.7062,0.0976,0.0976,324988.0361
964,2018-04-10,103.8455,66.2499,2.7648,5.9874,4.7985,0.0957,0.0957,331363.3995
965,2018-04-09,96.9257,61.8353,2.5806,5.5885,4.4788,0.1026,0.1026,309282.8727
966,2018-04-04,97.1207,61.9597,2.5858,5.5997,4.4878,0.1024,0.1024,309904.8593
967,2018-04-03,103.5044,66.0323,2.7558,5.9678,4.7827,0.096,0.096,330274.9228
968,2018-04-02,94.0993,60.0322,2.5054,5.4255,4.3482,0.1056,0.1056,300264.0659
969,2018-03-30,95.1227,60.6851,2.5326,5.4845,4.3954,0.1045,0.1045,303529.4959
970,2018-03-29,91.078,58.1047,2.4249,5.2513,4.2085,0.1091,0.1091,290623.2725
971,2018-03-28,89.1288,56.8611,2.373,5.1389,4.1185,0.1115,0.1115,284403.4058
972,2018-03-27,88.9339,56.7368,2.3678,5.1277,4.1095,0.1118,0.1118,283781.4191
973,2018-03-26,85.2791,54.4051,2.2705,4.9169,3.9406,0.1166,0.1166,272119.169
974,2018-03-23,84.4019,53.8456,2.2472,4.8664,3.9,0.1178,0.1178,269320.229
975,2018-03-22,93.6608,59.7524,2.4937,5.4002,4.3279,0.1061,0.1061,298864.5959
976,2018-03-21,91.078,58.1047,2.4249,5.2513,4.2085,0.1091,0.1091,290623.2725
977,2018-03-20,91.6628,58.4778,2.4405,5.285,4.2356,0.1085,0.1085,292489.2325
978,2018-03-19,92.2476,58.8508,2.4561,5.3187,4.2626,0.1078,0.1078,294355.1925
979,2018-03-16,91.3704,58.2912,2.4327,5.2682,4.2221,0.1088,0.1088,291556.2525
980,2018-03-15,92.8323,59.2239,2.4716,5.3524,4.2896,0.1071,0.1071,296221.1525
981,2018-03-14,94.1481,60.0633,2.5067,5.4283,4.3504,0.1056,0.1056,300419.5626
982,2018-03-13,96.7308,61.711,2.5754,5.5772,4.4697,0.1028,0.1028,308660.886
983,2018-03-12,95.7562,61.0892,2.5495,5.521,4.4247,0.1038,0.1038,305550.9526
984,2018-03-09,93.1247,59.4104,2.4794,5.3693,4.3031,0.1067,0.1067,297154.1325
985,2018-03-08,88.5928,56.5192,2.3587,5.108,4.0937,0.1122,0.1122,282692.9424
986,2018-03-07,87.277,55.6798,2.3237,5.0321,4.0329,0.1139,0.1139,278494.5324
987,2018-03-06,89.5186,57.1099,2.3834,5.1614,4.1365,0.111,0.111,285647.3791
988,2018-03-05,89.1775,56.8922,2.3743,5.1417,4.1207,0.1115,0.1115,284558.9024
989,2018-03-02,89.6161,57.172,2.386,5.167,4.141,0.1109,0.1109,285958.3725
990,2018-03-01,91.4191,58.3223,2.434,5.271,4.2243,0.1087,0.1087,291711.7492
991,2018-02-28,90.0547,57.4518,2.3977,5.1923,4.1613,0.1104,0.1104,287357.8425
992,2018-02-27,88.008,131.1028,2.4382,5.0743,4.5872,0.113,0.113,280826.9824
993,2018-02-26,88.1542,131.3205,2.4422,5.0827,4.5948,0.1128,0.1128,281293.4724
994,2018-02-23,86.0587,128.199,2.3842,4.9619,4.4856,0.1155,0.1155,274607.1157
995,2018-02-22,85.4252,127.2553,2.3666,4.9254,4.4525,0.1164,0.1164,272585.659
996,2018-02-14,84.3044,125.5857,2.3356,4.8608,4.3941,0.1179,0.1179,269009.2356
997,2018-02-06,82.7938,123.3353,2.2937,4.7737,4.3154,0.1201,0.1201,264188.8389
998,2018-02-05,85.1329,126.8198,2.3585,4.9085,4.4373,0.1168,0.1168,271652.679
999,2018-02-02,87.8131,130.8124,2.4328,5.063,4.577,0.1132,0.1132,280204.9957
1000,2018-02-01,86.5948,128.9976,2.399,4.9928,4.5135,0.1148,0.1148,276317.579
1001,2018-01-31,87.7156,130.6672,2.4301,5.0574,4.5719,0.1133,0.1133,279894.0024
1002,2018-01-30,91.5166,136.3295,2.5354,5.2766,4.77,0.1086,0.1086,292022.7425
1003,2018-01-29,91.1268,135.7487,2.5246,5.2541,4.7497,0.1091,0.1091,290778.7692
1004,2018-01-26,93.5146,139.3058,2.5907,5.3918,4.8742,0.1063,0.1063,298398.1059
1005,2018-01-25,93.1735,138.7976,2.5813,5.3721,4.8564,0.1067,0.1067,297309.6292
1006,2018-01-24,93.9044,139.8865,2.6015,5.4143,4.8945,0.1059,0.1059,299642.0792
1007,2018-01-23,92.54,137.8539,2.5637,5.3356,4.8234,0.1074,0.1074,295288.1725
1008,2018-01-22,91.1268,135.7487,2.5246,5.2541,4.7497,0.1091,0.1091,290778.7692
1009,2018-01-19,93.1247,138.725,2.5799,5.3693,4.8539,0.1067,0.1067,297154.1325
1010,2018-01-18,93.8557,139.8139,2.6002,5.4114,4.892,0.1059,0.1059,299486.5826
1011,2018-01-17,94.9765,141.4835,2.6312,5.4761,4.9504,0.1047,0.1047,303063.0059
1012,2018-01-16,94.5379,140.8302,2.6191,5.4508,4.9275,0.1052,0.1052,301663.5359
1013,2018-01-15,95.0252,141.5561,2.6326,5.4789,4.9529,0.1046,0.1046,303218.5026
1014,2018-01-12,97.9491,145.9117,2.7136,5.6475,5.1053,0.1015,0.1015,312548.3027
1015,2018-01-11,100.8242,150.1947,2.7932,5.8132,5.2552,0.0986,0.0986,321722.6061
1016,2018-01-10,100.3856,149.5414,2.7811,5.7879,5.2323,0.099,0.099,320323.1361
1017,2018-01-09,99.5572,148.3073,2.7581,5.7402,5.1891,0.0999,0.0999,317679.6927
1018,2018-01-08,98.8262,147.2184,2.7379,5.698,5.151,0.1006,0.1006,315347.2427
1019,2018-01-05,96.9257,144.3873,2.6852,5.5885,5.052,0.1026,0.1026,309282.8727
1020,2018-01-04,97.0232,144.5325,2.6879,5.5941,5.0571,0.1025,0.1025,309593.866
1021,2018-01-03,96.9745,144.4599,2.6866,5.5913,5.0545,0.1025,0.1025,309438.3693
1022,2018-01-02,95.9024,142.8628,2.6569,5.5295,4.9986,0.1037,0.1037,306017.4426
1023,2017-12-29,95.7075,142.5724,2.6515,5.5182,4.9885,0.2315,0.1039,305395.456
1024,2017-12-28,94.0993,140.1769,2.6069,5.4255,4.9047,0.2355,0.1056,300264.0659
1025,2017-12-27,94.9278,141.411,2.6299,5.4733,4.9478,0.2334,0.1047,302907.5093
1026,2017-12-26,94.9765,141.4835,2.6312,5.4761,4.9504,0.2333,0.1047,303063.0059
1027,2017-12-25,95.0252,141.5561,2.6326,5.4789,4.9529,0.2332,0.1046,303218.5026
1028,2017-12-22,98.5339,146.7828,2.7298,5.6812,5.1358,0.2249,0.1009,314414.2627
1029,2017-12-21,99.1186,147.6539,2.746,5.7149,5.1663,0.2235,0.1003,316280.2227
1030,2017-12-20,100.8729,150.2673,2.7946,5.816,5.2577,0.2196,0.0985,321878.1028
1031,2017-12-19,103.1146,153.6066,2.8567,5.9453,5.3745,0.2149,0.0964,329030.9495
1032,2017-12-18,102.4323,152.5903,2.8378,5.906,5.339,0.2163,0.097,326853.9961
1033,2017-12-15,106.1846,158.1799,2.9417,6.1223,5.5346,0.2087,0.0936,338827.2396
1034,2017-12-14,106.1846,158.1799,2.9417,6.1223,5.5346,0.2087,0.0936,338827.2396
1035,2017-12-13,106.3795,158.4703,2.9471,6.1335,5.5447,0.2083,0.0934,339449.2262
1036,2017-12-12,109.6932,163.4066,3.0389,6.3246,5.7174,0.202,0.0906,350022.9997
1037,2017-12-11,111.1064,165.5118,3.0781,6.4061,5.7911,0.1994,0.0895,354532.403
1038,2017-12-08,110.3755,164.4229,3.0578,6.3639,5.753,0.2007,0.0901,352199.953
1039,2017-12-07,109.9856,163.8422,3.047,6.3415,5.7327,0.2014,0.0904,350955.9797
1040,2017-12-06,110.3755,164.4229,3.0578,6.3639,5.753,0.2007,0.0901,352199.953
1041,2017-12-05,110.4242,164.4955,3.0592,6.3667,5.7555,0.2006,0.09,352355.4497
1042,2017-12-04,110.2293,164.2051,3.0538,6.3555,5.7454,0.201,0.0902,351733.463
1043,2017-12-01,112.5684,167.6896,3.1186,6.4904,5.8673,0.1968,0.0883,359197.3031
1044,2017-11-30,110.8628,165.1488,3.0713,6.392,5.7784,0.1999,0.0897,353754.9197
1045,2017-11-29,111.4475,166.0199,3.0875,6.4257,5.8089,0.1988,0.0892,355620.8797
1046,2017-11-28,111.9349,166.7459,3.101,6.4538,5.8343,0.1979,0.0888,357175.8464
1047,2017-11-27,110.7166,164.9311,3.0673,6.3836,5.7708,0.2001,0.0898,353288.4297
1048,2017-11-24,115.0536,171.3918,3.1874,6.6337,5.9968,0.1926,0.0864,367127.6331
1049,2017-11-23,114.4201,170.4481,3.1699,6.5971,5.9638,0.1936,0.0869,365106.1765
1050,2017-11-22,117.4414,174.9489,3.2536,6.7713,6.1213,0.1887,0.0846,374746.9699
1051,2017-11-21,119.2445,177.6348,3.3035,6.8753,6.2153,0.1858,0.0834,380500.3466
1052,2017-11-20,117.6851,175.3118,3.2603,6.7854,6.134,0.1883,0.0845,375524.4532
1053,2017-11-17,117.6364,175.2392,3.259,6.7826,6.1315,0.1883,0.0845,375368.9566
1054,2017-11-16,125.7257,187.2897,3.4831,7.249,6.5531,0.1762,0.0791,401181.4034
1055,2017-11-15,124.7023,185.7652,3.4547,7.19,6.4997,0.1777,0.0797,397915.9734
1056,2017-11-14,126.1155,187.8704,3.4939,7.2715,6.5734,0.1757,0.0788,402425.3768
1057,2017-11-13,126.4567,188.3786,3.5033,7.2911,6.5912,0.1752,0.0786,403513.8535
1058,2017-11-10,121.8272,181.4822,3.3751,7.0242,6.3499,0.1819,0.0816,388741.67
1059,2017-11-09,118.9521,177.1993,3.2954,6.8584,6.2,0.1863,0.0836,379567.3666
1060,2017-11-08,120.2678,179.1593,3.3319,6.9343,6.2686,0.1842,0.0827,383765.7766
1061,2017-11-07,115.9308,172.6985,3.2117,6.6842,6.0426,0.1911,0.0857,369926.5732
1062,2017-11-06,117.1978,174.5859,3.2468,6.7573,6.1086,0.1891,0.0848,373969.4865
1063,2017-11-03,113.9815,169.7948,3.1577,6.5718,5.941,0.1944,0.0872,363706.7065
1064,2017-11-02,114.5663,170.6659,3.1739,6.6056,5.9714,0.1934,0.0868,365572.6665
1065,2017-11-01,117.1978,174.5859,3.2468,6.7573,6.1086,0.1891,0.0848,373969.4865
1066,2017-10-31,119.6343,178.2156,3.3143,6.8978,6.2356,0.1852,0.0831,381744.3199
1067,2017-10-30,119.147,177.4896,3.3008,6.8697,6.2102,0.186,0.0834,380189.3533
1068,2017-10-27,123.5328,265.2068,3.4263,7.1225,6.7563,0.1794,0.0805,394184.0534
1069,2017-10-26,124.4587,267.1945,3.452,7.1759,6.807,0.178,0.0799,397138.4901
1070,2017-10-25,125.2384,268.8684,3.4736,7.2209,6.8496,0.1769,0.0794,399626.4368
1071,2017-10-24,124.7998,267.9269,3.4615,7.1956,6.8256,0.1775,0.0797,398226.9667
1072,2017-10-23,123.5328,265.2068,3.4263,7.1225,6.7563,0.1794,0.0805,394184.0534
1073,2017-10-20,121.9247,261.7544,3.3817,7.0298,6.6684,0.1817,0.0815,389052.6633
1074,2017-10-19,120.3166,258.302,3.3371,6.9371,6.5804,0.1842,0.0826,383921.2733
1075,2017-10-18,124.2638,266.7761,3.4466,7.1647,6.7963,0.1783,0.08,396516.5034
1076,2017-10-17,126.7003,272.007,3.5142,7.3052,6.9296,0.1749,0.0785,404291.3368
1077,2017-10-16,126.7003,272.007,3.5142,7.3052,6.9296,0.1749,0.0785,404291.3368
1078,2017-10-13,127.2851,273.2624,3.5304,7.3389,6.9615,0.1741,0.0781,406157.2968
1079,2017-10-12,127.4313,273.5762,3.5344,7.3473,6.9695,0.1739,0.078,406623.7868
1080,2017-10-11,133.5226,286.6535,3.7034,7.6985,7.3027,0.1659,0.0745,426060.8703
1081,2017-10-10,136.1054,292.1983,3.775,7.8474,7.4439,0.1628,0.073,434302.1937
1082,2017-10-09,135.3744,290.629,3.7547,7.8053,7.404,0.1637,0.0734,431969.7437
1083,2017-09-29,132.1582,283.7242,3.6655,7.6199,7.2281,0.1677,0.0752,421706.9636
1084,2017-09-28,120.3431,258.359,5.8026,6.9386,6.5819,0.1697,0.0761,384005.944
1085,2017-09-27,125.9112,270.3129,6.0711,7.2597,6.8864,0.1622,0.0728,401773.3832
1086,2017-09-26,125.1029,268.5776,6.0321,7.2131,6.8422,0.1632,0.0732,399194.2388
1087,2017-09-25,125.8663,270.2165,6.0689,7.2571,6.8839,0.176,0.079,401630.0974
1088,2017-09-22,132.0182,283.4236,6.3655,7.6118,7.2204,0.1678,0.0753,421260.252
1089,2017-09-21,131.5242,282.3632,6.3417,7.5833,7.1934,0.1685,0.0756,419684.1082
1090,2017-09-20,127.7523,274.2654,6.1598,7.3658,6.9871,0.1734,0.0778,407648.101
1091,2017-09-19,121.331,260.4798,5.8502,6.9956,6.6359,0.1826,0.0819,387158.2316
1092,2017-09-18,122.1842,262.3115,5.8914,7.0448,6.6826,0.1813,0.0814,389880.6618
1093,2017-09-15,121.2412,260.287,5.8459,6.9904,6.631,0.1827,0.082,386871.66
1094,2017-09-14,123.3966,264.9143,5.9498,7.1147,6.7489,0.1796,0.0806,393749.3784
1095,2017-09-13,123.9354,266.0712,5.9758,7.1458,6.7783,0.1788,0.0802,395468.808
1096,2017-09-12,126.6297,271.8553,6.1057,7.3011,6.9257,0.175,0.0785,404065.956
1097,2017-09-11,125.7316,269.9273,6.0624,7.2493,6.8766,0.1762,0.0791,401200.24
1098,2017-09-08,125.2826,268.9633,6.0408,7.2234,6.852,0.1769,0.0793,399767.382
1099,2017-09-07,127.7972,274.3618,6.162,7.3684,6.9895,0.1734,0.0778,407791.3868
1100,2017-09-06,130.222,279.5675,6.2789,7.5082,7.1222,0.1701,0.0763,415528.82
1101,2017-09-05,123.8905,265.9748,5.9736,7.1432,6.7759,0.1788,0.0802,395325.5222
1102,2017-09-04,125.6867,269.8309,6.0602,7.2467,6.8741,0.1763,0.0791,401056.9542
1103,2017-09-01,121.3759,260.5762,5.8524,6.9982,6.6383,0.1825,0.0819,387301.5174
1104,2017-08-31,117.1998,251.6108,5.651,6.7574,6.4099,0.189,0.0848,373975.938
1105,2017-08-30,116.1221,249.2971,5.5991,6.6953,6.351,0.1908,0.0856,370537.0788
1106,2017-08-29,116.8855,250.936,5.6359,6.7393,6.3928,0.1896,0.085,372972.9374
1107,2017-08-28,118.0979,253.5388,5.6943,6.8092,6.4591,0.1876,0.0842,376841.654
1108,2017-08-25,116.7508,250.6468,5.6294,6.7315,6.3854,0.1898,0.0851,372543.08
1109,2017-08-24,115.9425,127.4371,5.9145,6.6849,6.6418,0.1911,0.0857,369963.9356
1110,2017-08-23,118.3224,130.053,6.0359,6.8221,6.7782,0.1873,0.084,377558.083
1111,2017-08-22,118.7266,130.4972,6.0565,6.8454,6.8013,0.1866,0.0837,378847.6552
1112,2017-08-21,121.4208,133.4586,6.1939,7.0008,6.9557,0.1825,0.0819,387444.8032
1113,2017-08-18,121.2412,133.2611,6.1848,6.9904,6.9454,0.1827,0.082,386871.66
1114,2017-08-17,118.4571,130.2011,6.0427,6.8299,6.7859,0.187,0.0839,377987.9404
1115,2017-08-16,116.7508,128.3255,5.9557,6.7315,6.6881,0.1898,0.0851,372543.08
1116,2017-08-15,115.718,127.1904,5.903,6.672,6.629,0.1915,0.0859,369247.5066
1117,2017-08-14,113.2931,124.5251,5.7793,6.5322,6.4901,0.1956,0.0877,361510.0734
1118,2017-08-11,110.8683,121.8599,5.6556,6.3923,6.3512,0.1998,0.0897,353772.6402
1119,2017-08-10,115.6731,127.141,5.9007,6.6694,6.6264,0.1915,0.0859,369104.2208
1120,2017-08-09,116.6161,128.1775,5.9488,6.7237,6.6804,0.19,0.0852,372113.2226
1121,2017-08-08,116.7059,128.2762,5.9534,6.7289,6.6856,0.1898,0.0852,372399.7942
1122,2017-08-07,112.9339,124.1303,5.761,6.5114,6.4695,0.1962,0.088,360363.787
1123,2017-08-04,114.5954,125.9565,5.8458,6.6072,6.5647,0.1933,0.0867,365665.3616
1124,2017-08-03,116.1221,127.6346,5.9236,6.6953,6.6521,0.1908,0.0856,370537.0788
1125,2017-08-02,117.9183,129.6088,6.0153,6.7988,6.755,0.1879,0.0843,376268.5108
1126,2017-08-01,121.9596,134.0508,6.2214,7.0318,6.9865,0.1817,0.0815,389164.2328
1127,2017-07-31,122.8128,134.9886,6.2649,7.081,7.0354,0.1804,0.0809,391886.663
1128,2017-07-28,122.8577,135.038,6.2672,7.0836,7.038,0.1803,0.0809,392029.9488
1129,2017-07-27,126.6746,139.2332,6.4619,7.3037,7.2566,0.1749,0.0785,404209.2418
1130,2017-07-26,124.6988,137.0615,6.3611,7.1898,7.1434,0.1777,0.0797,397904.6666
1131,2017-07-25,126.7644,139.3319,6.4665,7.3089,7.2618,0.1748,0.0784,404495.8134
1132,2017-07-24,124.7437,137.1109,6.3634,7.1924,7.146,0.1776,0.0797,398047.9524
1133,2017-07-21,121.0167,133.0144,6.1733,6.9775,6.9325,0.1831,0.0821,386155.231
1134,2017-07-20,120.8819,132.8663,6.1664,6.9697,6.9248,0.1833,0.0822,385725.3736
1135,2017-07-19,123.2619,135.4822,6.2878,7.1069,7.0611,0.1798,0.0806,393319.521
1136,2017-07-18,120.6125,132.5702,6.1527,6.9542,6.9094,0.1837,0.0824,384865.6588
1137,2017-07-17,109.6559,120.5273,5.5938,6.3224,6.2817,0.2021,0.0907,349903.9236
1138,2017-07-14,119.3103,131.1388,6.0863,6.8791,6.8348,0.1857,0.0833,380710.3706
1139,2017-07-13,124.4294,136.7654,6.3474,7.1742,7.128,0.1781,0.0799,397044.9518
1140,2017-07-05,115.6282,127.0916,5.8984,6.6668,6.6238,0.1916,0.086,368960.935
1141,2017-07-04,113.3381,124.5745,5.7816,6.5347,6.4926,0.1955,0.0877,361653.3592
1142,2017-07-03,112.44,123.5874,5.7358,6.483,6.4412,0.1971,0.0884,358787.6432
1143,2017-06-30,110.2846,121.2183,5.6258,6.3587,6.3177,0.2009,0.0901,351909.9248
1144,2017-06-29,111.2276,122.2548,5.674,6.4131,6.3717,0.1992,0.0894,354918.9266
1145,2017-06-28,110.8234,121.8106,5.6533,6.3898,6.3486,0.1999,0.0897,353629.3544
1146,2017-06-27,113.0237,124.229,5.7656,6.5166,6.4746,0.196,0.088,360650.3586
1147,2017-06-26,114.1014,125.4135,5.8206,6.5788,6.5364,0.1942,0.0871,364089.2178
1148,2017-06-23,108.3986,119.1453,5.5296,6.25,6.2097,0.2044,0.0917,345891.9212
1149,2017-06-22,110.9581,121.9586,5.6602,6.3975,6.3563,0.1997,0.0896,354059.2118
1150,2017-06-21,116.1221,127.6346,5.9236,6.6953,6.6521,0.1908,0.0856,370537.0788
1151,2017-06-20,118.5469,130.2998,6.0473,6.8351,6.791,0.1869,0.0839,378274.512
1152,2017-06-19,118.7715,130.5466,6.0282,6.848,6.8039,0.1865,,378990.941
1153,2017-06-16,120.7921,132.7676,6.1308,6.9645,6.9196,0.1834,,385438.802
1154,2017-06-15,114.1912,125.5122,5.7957,6.5839,6.5415,0.194,,364375.7894
1155,2017-06-14,113.832,125.1174,5.7775,6.5632,6.5209,0.1946,,363229.503
1156,2017-06-13,111.8113,122.8964,5.675,6.4467,6.4052,0.1982,,356781.642
1157,2017-06-12,110.5091,121.4651,5.6089,6.3716,6.3306,0.2005,,352626.3538
1158,2017-06-09,116.0772,127.5852,5.8915,6.6927,6.6495,0.1909,,370393.793
1159,2017-06-08,117.6039,129.2633,5.969,6.7807,6.737,0.1884,,375265.5102
1160,2017-06-07,109.9818,120.8855,5.4144,6.3412,6.3004,0.2027,,350943.856
1161,2017-06-06,99.9958,109.9095,4.9227,5.7655,5.7283,0.2216,,319079.192
1162,2017-06-05,99.0921,108.9162,4.8783,5.7134,5.6765,0.2236,,316195.512
1163,2017-06-02,97.1943,106.8302,4.7848,5.6039,5.5678,0.228,,310139.784
1164,2017-06-01,95.4772,104.9429,4.7003,5.5049,5.4695,0.2321,,304660.792
1165,2017-05-31,103.4299,113.684,5.0918,5.9635,5.925,0.2142,,330037.176
1166,2017-05-26,104.1981,114.5283,5.1296,6.0078,5.969,0.2126,,332488.304
1167,2017-05-25,105.2373,115.6706,5.1808,6.0677,6.0286,0.2105,,335804.536
1168,2017-05-24,105.2825,115.7203,5.183,6.0703,6.0312,0.2104,,335948.72
1169,2017-05-23,102.481,112.6411,5.0451,5.9088,5.8707,0.2162,,327009.312
1170,2017-05-22,111.3826,122.4251,5.4833,6.422,6.3806,0.1989,,355413.56
1171,2017-05-19,116.5337,128.087,5.7369,6.719,6.6757,0.1901,,371850.536
1172,2017-05-18,117.7989,129.4776,5.7992,6.7919,6.7482,0.1881,,375887.688
1173,2017-05-17,120.2841,132.2092,5.9215,6.9352,6.8905,0.1842,,383817.808
1174,2017-05-16,118.5219,130.2723,5.8348,6.8336,6.7896,0.1869,0.1869,378194.632
1175,2017-05-15,115.1782,126.597,5.6702,6.6408,6.598,0.1924,0.1924,367525.016
1176,2017-05-12,114.6359,126.001,5.6435,6.6096,6.567,0.1933,0.1933,365794.808
1177,2017-05-11,114.6359,126.001,5.6435,6.6096,6.567,0.1933,0.1933,365794.808
1178,2017-05-10,116.1722,127.6897,5.7191,6.6982,6.655,0.1907,0.1907,370697.064
1179,2017-05-09,118.3863,130.1233,5.8281,6.8258,6.7818,0.1872,0.1872,377762.08
1180,2017-05-08,120.3293,132.2589,5.9238,6.9378,6.8931,0.1841,0.1841,383961.992
1181,2017-05-05,121.7301,133.7985,5.9927,7.0186,6.9734,0.182,0.182,388431.696
1182,2017-05-04,120.9167,132.9045,5.9527,6.9717,6.9268,0.1832,0.1832,385836.384
1183,2017-05-03,121.459,133.5005,5.9794,7.003,6.9578,0.1824,0.1824,387566.592
1184,2017-05-02,122.4531,134.5932,6.0283,7.0603,7.0148,0.1809,0.1809,390738.64
1185,2017-04-28,120.7812,132.7555,5.946,6.9639,6.919,0.1834,0.1834,385403.832
1186,2017-04-27,121.6849,133.7488,5.9905,7.016,6.9708,0.1821,0.1821,388287.512
1187,2017-04-26,117.7989,117.7989,5.6725,6.7919,6.7919,0.1881,0.1881,375887.688
1188,2017-04-25,116.6693,116.6693,5.6182,6.7268,6.7268,0.1899,0.1899,372283.088
1189,2017-04-24,115.9463,115.9463,5.5833,6.6851,6.6851,0.1911,0.1911,369976.144
1190,2017-04-21,124.1701,124.1701,5.9793,7.1593,7.1593,0.1784,0.1784,396217.632
1191,2017-04-20,123.0405,123.0405,5.925,7.0942,7.0942,0.1801,0.1801,392613.032
1192,2017-04-19,136.7317,136.7317,6.5842,7.8836,7.8836,0.162,0.162,436300.784
1193,2017-04-18,143.4192,143.4192,6.9063,8.2691,8.2691,0.1545,0.1545,457640.016
1194,2017-04-17,144.0066,144.0066,6.9346,8.303,8.303,0.1539,0.1539,459514.408
1195,2017-04-14,149.5644,149.5644,7.2022,8.6235,8.6235,0.1481,0.1481,477249.04
1196,2017-04-13,150.6489,150.6489,7.2544,8.686,8.686,0.1471,0.1471,480709.456
1197,2017-04-12,151.5978,151.5978,7.3001,8.7407,8.7407,0.1462,0.1462,483737.32
1198,2017-04-11,157.6075,157.6075,7.5895,9.0872,9.0872,0.1406,0.1406,502913.792
1199,2017-04-10,154.8511,154.8511,7.4568,8.9283,8.9283,0.1431,0.1431,494118.568
1200,2017-04-07,159.2342,159.2342,7.6678,9.181,9.181,0.1391,0.1391,508104.416
1201,2017-04-06,158.1497,158.1497,7.6156,9.1185,9.1185,0.1401,0.1401,504644.0
1202,2017-04-05,152.0045,152.0045,7.3197,8.7641,8.7641,0.1458,0.1458,485034.976
1203,2017-03-31,146.3562,146.3562,7.0477,8.4385,8.4385,0.1514,0.1514,467011.976
1204,2017-03-30,150.1067,150.1067,7.2283,8.6547,8.6547,0.1476,0.1476,478979.248
1205,2017-03-29,160.4542,160.4542,7.7266,9.2513,9.2513,0.1381,0.1381,511997.384
1206,2017-03-28,163.7075,163.7075,7.8833,9.4389,9.4389,0.1353,0.1353,522378.632
1207,2017-03-27,165.0179,165.0179,7.9464,9.5145,9.5145,0.1343,0.1343,526559.968
1208,2017-03-24,164.0238,164.0238,7.8985,9.4571,9.4571,0.1351,0.1351,523387.92
1209,2017-03-23,164.7016,164.7016,7.9311,9.4962,9.4962,0.1345,0.1345,525550.68
1210,2017-03-22,163.7075,163.7075,7.8833,9.4389,9.4389,0.1353,0.1353,522378.632
1211,2017-03-21,121.6556,173.1503,8.3442,11.5391,9.9912,0.1279,0.1279,552945.64
1212,2017-03-20,120.5453,171.57,8.2681,11.4338,9.9,0.129,0.129,547899.2
1213,2017-03-17,122.0362,173.6921,8.3703,11.5752,10.0225,0.1275,0.1275,554675.848
1214,2017-03-16,121.4335,172.8342,8.329,11.5181,9.973,0.1281,0.1281,551936.352
1215,2017-03-15,122.3852,174.1887,8.3943,11.6083,10.0511,0.1271,0.1271,556261.872
1216,2017-03-14,125.8112,179.0649,8.6293,11.9333,10.3325,0.1236,0.1236,571833.744
1217,2017-03-13,127.8414,181.9545,8.7685,12.1259,10.4993,0.1217,0.1217,581061.52
1218,2017-03-10,127.1118,180.9161,8.7185,12.0567,10.4393,0.1224,0.1224,577745.288
1219,2017-03-09,126.858,180.5549,8.7011,12.0326,10.4185,0.1226,0.1226,576591.816
1220,2017-03-08,129.142,183.8057,8.8577,12.2492,10.6061,0.1204,0.1204,586973.064
1221,2017-03-07,130.8868,186.2889,8.9774,12.4147,10.7494,0.1188,0.1188,594903.184
1222,2017-03-06,130.1254,185.2053,8.9252,12.3425,10.6868,0.1195,0.1195,591442.768
1223,2017-03-03,129.3958,184.1669,8.8751,12.2733,10.6269,0.1202,0.1202,588126.536
1224,2017-03-02,128.8883,183.4445,8.8403,12.2252,10.5852,0.1207,0.1207,585819.592
1225,2017-03-01,129.0152,183.6251,8.849,12.2372,10.5956,0.1206,0.1206,586396.328
1226,2017-02-28,130.5378,185.7923,8.9535,12.3816,10.7207,0.1192,0.1192,593317.16
1227,2017-02-27,131.2357,147.2127,9.2707,12.4478,12.3717,0.12,0.12,596489.208
1228,2017-02-24,138.3098,155.1481,9.7704,13.1188,13.0385,0.11,0.11,628642.24
1229,2016-11-10,153.6635,172.3709,10.855,14.5751,14.4859,0.1,0.1,698427.296
1230,2016-11-09,146.4625,164.2933,10.3463,13.8921,13.8071,0.11,0.11,665697.528
1231,2016-11-08,144.464,162.0514,10.2051,13.7025,13.6187,0.11,0.11,656613.936
1232,2016-11-07,145.6377,163.3681,10.288,13.8139,13.7293,0.11,0.11,661948.744
1233,2016-11-04,145.606,163.3325,10.2858,13.8109,13.7264,0.11,0.11,661804.56
1234,2016-11-03,144.7495,162.3717,10.2253,13.7296,13.6456,0.11,0.11,657911.592
1235,2016-11-02,146.5577,164.4,10.353,13.9011,13.8161,0.11,0.11,666130.08
1236,2016-11-01,141.26,158.4574,9.9788,13.3986,13.3167,0.11,0.11,642051.352
1237,2016-10-31,139.1981,156.1444,9.8331,13.2031,13.1223,0.11,0.11,632679.392
1238,2016-10-28,133.488,149.7392,9.4298,12.6615,12.584,0.12,0.12,606726.272
1239,2016-10-27,132.0922,148.1735,9.3312,12.5291,12.4524,0.12,0.12,600382.176
1240,2016-10-26,132.5363,153.6391,9.3051,12.5712,13.1256,0.12,0.12,602400.752
1241,2016-10-25,134.1859,155.5513,9.421,12.7277,13.2889,0.12,0.12,609898.32
1242,2016-10-24,133.4246,154.6687,9.3675,12.6554,13.2135,0.12,0.12,606437.904
1243,2016-10-21,132.0605,153.0875,9.2717,12.5261,13.0784,0.12,0.12,600237.992
1244,2016-10-20,134.1225,155.4777,9.4165,12.7216,13.2827,0.12,0.12,609609.952
1245,2016-10-19,132.6632,153.7862,9.3141,12.5832,13.1381,0.12,0.12,602977.488
1246,2016-10-18,133.5197,154.779,9.3742,12.6645,13.223,0.12,0.12,606870.456
1247,2016-10-17,131.7116,152.683,9.2472,12.493,13.0439,0.12,0.12,598651.968
1248,2016-10-14,133.9321,155.2571,9.4031,12.7036,13.2638,0.12,0.12,608744.848
1249,2016-10-13,133.8687,155.1835,9.3987,12.6976,13.2575,0.12,0.12,608456.48
1250,2016-10-12,133.837,155.1468,9.3965,12.6946,13.2544,0.12,0.12,608312.296
1251,2016-10-11,134.5031,155.919,9.4432,12.7577,13.3204,0.12,0.12,611340.16
1252,2016-10-10,135.6134,157.2061,9.5212,12.8631,13.4303,0.11,0.11,616386.6
1253,2016-09-30,127.8414,148.1966,8.9755,12.1259,12.6606,0.12,0.12,581061.52
1254,2016-09-29,127.0801,147.3141,8.9221,12.0537,12.5852,0.12,0.12,577601.104
1255,2016-09-28,127.0801,147.3141,8.9221,12.0537,12.5852,0.12,0.12,577601.104
1256,2016-09-27,129.0786,149.6308,9.0624,12.2432,12.7831,0.12,0.12,586684.696
1257,2016-09-26,126.8898,147.0934,8.9087,12.0356,12.5664,0.12,0.12,576736.0
1258,2016-09-23,130.5378,151.3223,9.1648,12.3816,12.9277,0.12,0.12,593317.16
1259,2016-09-22,131.2992,152.2049,9.2183,12.4538,13.003,0.12,0.12,596777.576
1260,2016-09-21,130.1572,150.8811,9.1381,12.3455,12.89,0.12,0.12,591586.952
1261,2016-09-20,127.7145,148.0495,8.9666,12.1138,12.648,0.12,0.12,580484.784
1262,2016-09-19,128.7614,149.263,9.0401,12.2131,12.7517,0.12,0.12,585242.856
1263,2016-09-14,127.8731,148.2334,8.9778,12.1289,12.6638,0.12,0.12,581205.704
1264,2016-09-13,127.7145,148.0495,8.9666,12.1138,12.648,0.12,0.12,580484.784
1265,2016-09-12,127.9366,148.3069,8.9822,12.1349,12.67,0.12,0.12,581494.072
1266,2016-09-09,135.1376,156.6545,9.4878,12.8179,13.3832,0.12,0.12,614223.84
1267,2016-09-08,135.8038,157.4267,9.5345,12.8811,13.4492,0.11,0.11,617251.704
1268,2016-09-07,135.5183,157.0958,9.5145,12.854,13.4209,0.11,0.11,615954.048
1269,2016-09-06,136.7554,158.5299,9.6014,12.9714,13.5434,0.11,0.11,621577.224
1270,2016-09-05,134.0273,155.3674,9.4098,12.7126,13.2732,0.12,0.12,609177.4
1271,2016-09-02,133.5515,154.8158,9.3764,12.6675,13.2261,0.12,0.12,607014.64
1272,2016-09-01,134.9473,156.4338,9.4744,12.7999,13.3643,0.12,0.12,613358.736
1273,2016-08-31,136.4699,158.199,9.5813,12.9443,13.5151,0.11,0.11,620279.568
1274,2016-08-30,135.9306,157.5738,9.5435,12.8931,13.4617,0.11,0.11,617828.44
1275,2016-08-29,137.1995,159.0448,9.6325,13.0135,13.5874,0.11,0.11,623595.8
1276,2016-08-26,139.6105,161.8395,9.8018,13.2422,13.8261,0.11,0.11,634553.784
1277,2016-08-25,139.2615,161.435,9.7773,13.2091,13.7916,0.11,0.11,632967.76
1278,2016-08-24,140.7525,163.1634,9.882,13.3505,13.9392,0.11,0.11,639744.408
1279,2016-08-23,138.9126,161.0305,9.7528,13.176,13.757,0.11,0.11,631381.736
1280,2016-08-22,138.9443,161.0673,9.755,13.179,13.7602,0.11,0.11,631525.92
1281,2016-08-19,141.1966,163.6782,9.9132,13.3926,13.9832,0.11,0.11,641762.984
1282,2016-08-18,142.2434,164.8917,9.9867,13.4919,14.0869,0.11,0.11,646521.056
1283,2016-08-17,141.831,164.4137,9.9577,13.4528,14.0461,0.11,0.11,644646.664
1284,2016-08-16,141.9579,164.5608,9.9666,13.4648,14.0586,0.11,0.11,645223.4
1285,2016-08-15,143.7026,173.6045,9.6577,13.6303,13.7758,0.11,0.11,653153.52
1286,2016-08-12,134.1859,162.1075,9.0181,12.7277,12.8635,0.12,0.12,609898.32
1287,2016-08-11,132.2826,159.8081,8.8902,12.5471,12.681,0.12,0.12,601247.28
1288,2016-08-10,137.9926,166.7063,9.274,13.0887,13.2284,0.11,0.11,627200.4
1289,2016-08-09,138.5636,167.3961,9.3123,13.1429,13.2832,0.11,0.11,629795.712
1290,2016-08-08,138.0878,166.8212,9.2804,13.0977,13.2376,0.11,0.11,627632.952
1291,2016-08-05,137.8023,166.4763,9.2612,13.0707,13.2102,0.11,0.11,626335.296
1292,2016-08-04,141.7993,171.3051,9.5298,13.4498,13.5933,0.11,0.11,644502.48
1293,2016-08-03,139.9594,169.0823,9.4061,13.2753,13.417,0.11,0.11,636139.808
1294,2016-08-02,139.2615,168.2392,9.3592,13.2091,13.3501,0.11,0.11,632967.76
1295,2016-08-01,138.6271,167.4727,9.3166,13.1489,13.2892,0.11,0.11,630084.08
1296,2016-07-29,139.1346,168.0859,9.3507,13.197,13.3379,0.11,0.11,632391.024
1297,2016-07-28,140.7525,170.0404,9.4594,13.3505,13.493,0.11,0.11,639744.408
1298,2016-07-27,149.2541,180.311,10.0308,14.1569,14.308,0.1,0.1,678385.72
1299,2016-07-26,165.8449,200.3541,11.1458,15.7305,15.8984,0.09,0.09,753793.952
1300,2016-07-25,165.496,199.9326,11.1223,15.6974,15.865,0.09,0.09,752207.928
1301,2016-07-22,165.5594,200.0092,11.1266,15.7035,15.8711,0.09,0.09,752496.296
1302,2016-07-21,159.9128,193.1877,10.7471,15.1679,15.3298,0.1,0.1,726831.544
1303,2016-07-20,162.292,196.0619,10.907,15.3935,15.5578,0.1,0.1,737645.344
1304,2016-07-19,160.5473,193.9541,10.7898,15.2281,15.3906,0.1,0.1,729715.224
1305,2016-07-18,157.6605,190.4667,10.5958,14.9542,15.1139,0.1,0.1,716594.48
1306,2016-07-15,164.7029,198.9745,11.0691,15.6222,15.789,0.09,0.09,748603.328
1307,2016-07-14,162.7044,196.5601,10.9347,15.4327,15.5974,0.1,0.1,739519.736
1308,2016-07-13,162.3554,196.1386,10.9113,15.3996,15.5639,0.1,0.1,737933.712
1309,2016-07-12,161.4672,195.0655,10.8516,15.3153,15.4788,0.1,0.19,733896.56
1310,2016-07-11,161.8162,195.4871,10.875,15.3484,15.5122,0.1,0.19,735482.584
1311,2016-07-08,168.573,203.6499,11.3291,15.9893,16.16,0.09,0.18,766193.776
1312,2016-07-07,172.4115,208.287,11.5871,16.3534,16.5279,0.09,0.18,783640.04
1313,2016-07-06,182.7212,220.7421,12.28,17.3313,17.5163,0.09,0.17,830499.84
1314,2016-07-05,180.12,217.5996,12.1052,17.0845,17.2669,0.09,0.17,818676.752
1315,2016-07-04,184.0219,222.3134,12.3674,17.4546,17.6409,0.08,0.17,836411.384
1316,2016-07-01,182.8799,220.9337,12.2907,17.3463,17.5315,0.09,0.17,831220.76
1317,2016-06-30,181.262,218.9792,12.1819,17.1929,17.3764,0.09,0.17,823867.376
1318,2016-06-29,183.6729,221.8918,12.344,17.4215,17.6075,0.0847,0.1694,834825.36
1319,2016-06-28,190.8739,230.5912,12.8279,18.1046,18.2978,0.0815,0.163,867555.128
1320,2016-06-27,173.5217,209.6283,11.6617,16.4587,16.6344,0.0896,0.1793,788686.48
1321,2016-06-24,163.5292,197.5565,10.9902,15.5109,15.6764,0.0951,0.1902,743268.52
1322,2016-06-23,168.1924,203.19,11.3036,15.9532,16.1235,0.0925,0.185,764463.568
1323,2016-06-22,166.6062,201.2739,11.197,15.8028,15.9714,0.0934,0.1867,757254.368
1324,2016-06-21,156.233,188.7422,10.4998,14.8188,14.977,0.0996,0.1991,710106.2
1325,2016-06-20,158.0095,190.8883,10.6192,14.9873,15.1473,0.0984,0.1969,718180.504
1326,2016-06-17,162.7361,196.5984,10.9369,15.4357,15.6004,0.0956,0.1912,739663.92
1327,2016-06-16,151.1574,182.6104,10.1587,14.3374,14.4904,0.1029,0.2058,687036.76
1328,2016-06-15,152.3764,184.0831,11.2444,14.453,14.6073,0.1021,0.2042,692577.2
1329,2016-06-14,147.1499,177.7691,10.8587,13.9573,14.1063,0.1057,0.2114,668822.0
1330,2016-06-13,145.2833,175.5141,10.721,13.7803,13.9273,0.1071,0.2141,660338.0
1331,2016-06-08,150.4165,181.7153,11.0997,14.2671,14.4194,0.1034,0.2068,683669.0
1332,2016-06-07,147.4299,178.1073,10.8794,13.9839,14.1331,0.1055,0.211,670094.6
1333,2016-06-06,149.3276,180.3999,11.0194,14.1639,14.315,0.1042,0.2083,678720.0
1334,2016-06-03,147.8966,178.6711,10.9138,14.0281,14.1779,0.1052,0.2103,672215.6
1335,2016-06-02,143.7278,173.6349,10.6062,13.6327,13.7782,0.1082,0.2165,653268.0
1336,2016-06-01,144.91,175.0631,10.6934,13.7448,13.8916,0.1073,0.2147,658641.2
1337,2016-05-31,143.1056,172.8832,10.5603,13.5737,13.7186,0.1087,0.2174,650440.0
1338,2016-05-30,136.2615,164.6149,10.0552,12.9245,13.0625,0.1142,0.2283,619332.0
1339,2016-05-27,139.2169,168.1853,10.2733,13.2048,13.3458,0.1117,0.2235,632765.0
1340,2016-05-26,139.3724,168.3732,10.2848,13.2196,13.3607,0.1116,0.2232,633472.0
1341,2016-05-25,133.1505,160.8566,9.8256,12.6294,12.7642,0.1168,0.2336,605192.0
1342,2016-05-24,137.2881,165.8551,10.131,13.0219,13.1609,0.1133,0.2266,623998.2
1343,2016-05-23,128.4218,155.1439,9.4767,12.1809,12.3109,0.1211,0.2422,583699.2
1344,2016-05-20,123.8175,149.5816,9.1369,11.7442,11.8696,0.1256,0.2513,562772.0
1345,2016-05-19,122.7909,148.3413,9.0612,11.6468,11.7711,0.1267,0.2534,558105.8
1346,2016-05-18,122.5731,148.0782,9.0451,11.6262,11.7503,0.1269,0.2538,557116.0
1347,2016-05-17,136.1992,164.5397,10.0506,12.9186,13.0565,0.1142,0.2284,619049.2
1348,2016-05-16,140.8502,170.1584,10.2759,13.3598,13.5024,0.1104,0.1104,640188.5
1349,2016-05-13,140.8813,170.196,10.2781,13.3627,13.5053,0.1104,0.1104,640329.9
1350,2016-05-12,134.5349,162.529,9.8151,12.7608,12.897,0.1156,0.1156,611484.3
1351,2016-05-11,133.9282,161.7961,9.7709,12.7032,12.8388,0.1161,0.1161,608727.0
1352,2016-05-10,129.1373,156.0083,9.4213,12.2488,12.3795,0.1205,0.1205,586951.4
1353,2016-05-09,133.0727,160.7626,9.7085,12.6221,12.7568,0.1169,0.1169,604838.5
1354,2016-05-06,147.8655,178.6335,10.7877,14.0252,14.1749,0.1052,0.1052,672074.2
1355,2016-05-05,155.7052,188.1045,11.3596,14.7688,14.9264,0.0999,0.0999,707707.0
1356,2016-05-04,157.8828,190.7353,11.5185,14.9753,15.1352,0.0985,0.0985,717605.0
1357,2016-05-03,160.2161,193.554,11.6887,15.1966,15.3588,0.0971,0.0971,728210.0
1358,2016-04-29,156.2962,188.8185,11.4027,14.8248,14.9831,0.0995,0.0995,710393.6
1359,2016-04-28,146.8388,177.3932,10.7128,13.9278,14.0765,0.1059,0.1059,667408.0
1360,2016-04-27,150.9609,182.373,11.0135,14.3188,14.4716,0.103,0.103,686143.5
1361,2016-04-26,138.828,167.7155,10.1283,13.168,13.3085,0.112,0.112,630997.5
1362,2016-04-25,132.2327,159.7479,9.6472,12.5424,12.6763,0.1176,0.1176,601020.7
1363,2016-04-22,136.8837,136.8837,9.791,12.9835,12.9835,0.1136,0.1136,622160.0
1364,2016-04-21,134.1149,134.1149,9.5929,12.7209,12.7209,0.116,0.116,609575.4
1365,2016-04-20,141.379,141.379,10.1125,13.4099,13.4099,0.11,0.11,642592.3
1366,2016-04-19,157.0895,157.0895,11.2363,14.9001,14.9001,0.099,0.099,713999.3
1367,2016-04-18,126.0061,156.4508,11.2423,12.6958,14.9134,0.0989,0.0989,714635.6
1368,2016-04-15,137.4623,170.6751,12.2644,13.8501,16.2693,0.0907,0.0907,779608.9
1369,2016-04-14,135.2559,167.9355,12.0675,13.6277,16.0081,0.0922,0.0922,767095.0
1370,2016-04-13,133.3984,165.6293,11.9018,13.4406,15.7883,0.0934,0.0934,756560.7
1371,2016-04-12,127.3524,158.1225,11.3624,12.8314,15.0727,0.0979,0.0979,722271.2
1372,2016-04-11,127.128,157.8439,11.3424,12.8088,15.0461,0.0981,0.0981,720998.6
1373,2016-04-08,122.4159,151.9932,10.922,12.334,14.4884,0.1018,0.1018,694274.0
1374,2016-04-07,119.7981,148.7428,10.6884,12.0703,14.1786,0.1041,0.1041,679427.0
1375,2016-04-06,123.4132,153.2314,11.0109,12.4345,14.6065,0.101,0.101,699930.0
1376,2016-04-05,114.0512,141.6075,10.1757,11.4913,13.4985,0.1093,0.1093,646834.3
1377,2016-04-01,111.0719,137.9083,9.9098,11.1911,13.1458,0.1122,0.1122,629937.0
1378,2016-03-31,111.8448,138.8679,9.9788,11.2689,13.2373,0.1115,0.1115,634320.4
1379,2016-03-30,108.9277,135.2461,9.7185,10.975,12.8921,0.1144,0.1144,617776.6
1380,2016-03-29,103.4676,128.4668,9.2314,10.4249,12.2458,0.1205,0.1205,586810.0
1381,2016-03-28,110.6231,137.3511,9.8698,11.1459,13.0927,0.1127,0.1127,627391.8
1382,2016-03-25,112.9916,140.2919,10.0811,11.3845,13.373,0.1103,0.1103,640824.8
1383,2016-03-24,115.6843,143.6351,10.3214,11.6558,13.6917,0.1078,0.1078,656096.0
1384,2016-03-23,113.4404,140.8491,10.1212,11.4297,13.4262,0.1099,0.1099,643370.0
1385,2016-03-22,111.4458,138.3726,9.9432,11.2288,13.1901,0.1119,0.1119,632058.0
1386,2016-03-21,118.3021,146.8855,10.5549,11.9196,14.0016,0.1054,0.1054,670943.0
1387,2016-03-18,117.791,146.2509,10.5093,11.8681,13.9411,0.1058,0.1058,668044.3
1388,2016-03-17,112.4057,139.5644,10.0289,11.3255,13.3037,0.1109,0.1109,637501.9
1389,2016-03-16,105.1381,130.5408,9.3804,10.5932,12.4435,0.1186,0.1186,596283.8
1390,2016-03-15,102.6823,127.4916,9.1613,10.3458,12.1529,0.1214,0.1214,582355.9
1391,2016-03-14,105.4622,130.9432,9.4094,10.6259,12.4819,0.1182,0.1182,598122.0
1392,2016-03-11,98.7305,122.5851,8.8088,9.9476,11.6852,0.1263,0.1263,559944.0
1393,2016-03-10,97.2471,120.7433,8.6764,9.7982,11.5096,0.1282,0.1282,551530.7
1394,2016-03-09,98.182,121.9041,8.7598,9.8924,11.6203,0.127,0.127,556833.2
1395,2016-03-08,102.0839,126.7487,9.1079,10.2855,12.0821,0.1221,0.1221,578962.3
1396,2016-03-07,101.6102,126.1605,9.0657,10.2378,12.026,0.1227,0.1227,576275.7
1397,2016-03-04,99.6032,123.6686,8.8866,10.0355,11.7885,0.1252,0.1252,564893.0
1398,2016-03-03,104.7142,130.0146,9.3426,10.5505,12.3934,0.119,0.119,593880.0
1399,2016-03-02,105.4871,130.9742,9.4116,10.6284,12.4849,0.1182,0.1182,598263.4
1400,2016-03-01,101.2861,125.7581,9.0368,10.2051,11.9876,0.1231,0.1231,574437.5
1401,2016-02-29,95.2027,118.2049,8.494,9.5922,11.2676,0.1309,0.1309,539935.9
1402,2016-02-26,105.7738,113.5981,9.8829,10.6573,10.8976,0.1179,0.1179,599889.5
1403,2016-02-25,110.1369,118.2839,10.2905,11.0969,11.3472,0.1132,0.1132,624634.5
1404,2016-02-24,122.3785,131.4311,11.4343,12.3303,12.6084,0.1019,0.1019,694061.9
1405,2016-02-23,123.3883,132.5155,11.5286,12.432,12.7124,0.101,0.101,699788.6
1406,2016-02-22,127.0283,136.4248,11.8687,12.7988,13.0874,0.0981,0.0981,720433.0
1407,2016-02-19,127.0159,136.4114,11.8676,12.7975,13.0862,0.0981,0.0981,720362.3
1408,2016-02-18,127.128,136.5319,11.8781,12.8088,13.0977,0.0981,0.0981,720998.6
1409,2016-02-17,129.6088,139.1962,12.1098,13.0588,13.3533,0.0962,0.0962,735067.9
1410,2016-02-16,131.3042,141.017,12.2683,13.2296,13.528,0.0949,0.0949,744683.1
1411,2016-02-15,127.1405,136.5453,11.8792,12.8101,13.099,0.098,0.098,721069.3
1412,2016-02-05,126.031,135.3538,11.7756,12.6983,12.9847,0.0989,0.0989,714777.0
1413,2016-02-04,120.2094,129.1015,11.2316,12.1117,12.3849,0.1037,0.1037,681760.1
1414,2016-02-03,117.442,126.1294,10.9731,11.8329,12.0998,0.1061,0.1061,666064.7
1415,2016-02-02,118.8382,127.6288,11.1035,11.9736,12.2436,0.1049,0.1049,673983.1
1416,2016-02-01,114.1884,122.6351,10.6691,11.5051,11.7646,0.1092,0.1092,647612.0
1417,2016-01-29,116.1829,124.7772,10.8554,11.706,11.9701,0.1073,0.1073,658924.0
1418,2016-01-28,112.8046,121.149,10.5398,11.3657,11.622,0.1105,0.1105,639764.3
1419,2016-01-27,119.5487,128.392,11.1699,12.0452,12.3168,0.1043,0.1043,678013.0
1420,2016-01-26,112.119,120.4127,10.4757,11.2966,11.5514,0.1112,0.1112,635875.8
1421,2016-01-25,116.9184,125.5671,10.9241,11.7801,12.0458,0.1066,0.1066,663095.3
1422,2016-01-22,116.9683,125.6206,10.9288,11.7852,12.051,0.1066,0.1066,663378.1
1423,2016-01-21,106.3348,114.2006,9.9353,10.7138,10.9554,0.1172,0.1172,603071.0
1424,2016-01-20,107.6562,115.6197,10.0587,10.8469,11.0916,0.1158,0.1158,610565.2
1425,2016-01-19,110.4236,118.5919,10.3173,11.1258,11.3767,0.1129,0.1129,626260.6
1426,2016-01-18,104.0909,111.7907,9.7256,10.4877,10.7242,0.1198,0.1198,590345.0
1427,2016-01-15,97.6335,104.8557,9.1223,9.8371,10.059,0.1277,0.1277,553722.4
1428,2016-01-14,95.4395,102.4994,8.9173,9.616,9.8329,0.1306,0.1306,541279.2
1429,2016-01-13,88.6331,95.1895,8.2813,8.9303,9.1317,0.1406,0.1406,502677.0
1430,2016-01-12,98.4812,105.7661,9.2015,9.9225,10.1463,0.1266,0.1266,558530.0
1431,2016-01-11,95.3273,102.3789,8.9068,9.6047,9.8214,0.1308,0.1308,540642.9
1432,2016-01-08,105.9234,113.7588,9.8968,10.6723,10.913,0.1177,0.1177,600737.9
1433,2016-01-07,107.17,115.0976,10.0133,10.7979,11.0415,0.1163,0.1163,607807.9
1434,2016-01-06,118.9878,127.7895,11.1175,11.9886,12.259,0.1048,0.1048,674831.5
1435,2016-01-05,114.7119,123.1974,10.718,11.5578,11.8185,0.1087,0.1087,650581.4
1436,2016-01-04,120.1097,128.9944,11.2223,12.1017,12.3746,0.1038,0.1038,681194.5
1437,2015-12-31,133.4483,143.3197,12.4686,13.4456,13.7489,,0.0934,756843.5
1438,2015-12-30,138.335,148.5679,12.9252,13.938,14.2523,,0.09,784557.9
1439,2015-12-29,139.7686,150.1075,13.0591,14.0824,14.4,,0.09,792688.4
1440,2015-12-28,137.3502,147.5102,12.8332,13.8387,14.1509,,0.09,778972.6
1441,2015-12-25,147.4725,158.3813,13.7789,14.8586,15.1938,,0.08,836381.0
1442,2015-12-24,153.3066,164.647,14.324,15.4464,15.7948,,0.08,869468.6
1443,2015-12-23,149.9283,161.0188,14.0084,15.1061,15.4468,,0.08,850308.9
1444,2015-12-22,150.9505,162.1166,14.1039,15.2091,15.5521,,0.08,856106.3
1445,2015-12-21,152.9326,164.2453,14.2891,15.4088,15.7563,,0.08,867347.6
1446,2015-12-18,153.0199,164.339,14.2972,15.4176,15.7653,,0.08,867842.5
1447,2015-12-17,158.2556,169.962,14.7864,15.9451,16.3047,,0.08,897536.5
1448,2015-12-16,147.111,157.9931,13.7451,14.8222,15.1565,,0.08,834330.7
1449,2015-12-15,144.4807,155.1682,13.4994,14.5572,14.8855,,0.09,819413.0
1450,2015-12-14,145.8519,156.6409,13.6275,14.6953,15.0268,,0.09,827190.0
1451,2015-12-11,141.2395,151.6873,13.1966,14.2306,14.5516,,0.09,801031.0
1452,2015-12-10,143.3588,153.9633,13.3946,14.4441,14.7699,,0.09,813050.0
1453,2015-12-09,148.9684,159.9879,13.9187,15.0094,15.3479,,0.08,844865.0
1454,2015-12-08,158.1683,169.8683,14.7783,15.9363,16.2957,,0.08,897041.6
1455,2015-12-07,158.9537,170.7118,14.8517,16.0154,16.3766,,0.08,901495.7
1456,2015-12-04,162.4317,174.4471,15.1766,16.3658,16.735,,0.08,921221.0
1457,2015-12-03,172.0056,184.7291,16.0711,17.3305,17.7213,,0.07,975518.6
1458,2015-12-02,160.1255,171.9703,14.9611,16.1335,16.4974,,0.08,908141.5
1459,2015-12-01,159.5645,171.3678,14.9087,16.077,16.4396,,0.08,904960.0
1460,2015-11-30,162.2198,174.2195,15.1568,16.3445,16.7131,,0.08,920019.1
1461,2015-11-27,147.4725,158.3813,13.7789,14.8586,15.1938,,0.08,836381.0
1462,2015-11-26,152.8454,164.1516,14.2809,15.4,15.7473,,0.08,866852.7
1463,2015-11-25,156.8843,168.4894,14.6583,15.8069,16.1634,,0.08,889759.5
1464,2015-11-24,153.5809,164.9415,14.3496,15.4741,15.8231,,0.08,871024.0
1465,2015-11-23,139.619,149.9468,13.0451,14.0673,14.3846,,0.09,791840.0
1466,2015-11-20,144.6053,155.3021,13.511,14.5697,14.8984,,0.09,820120.0
1467,2015-11-19,143.2341,153.8294,13.3829,14.4316,14.7571,,0.09,812343.0
1468,2015-11-18,135.1063,145.1003,12.6235,13.6127,13.9197,,0.09,766246.6
1469,2015-11-17,146.9988,157.8726,13.7347,14.8109,15.145,,0.08,833694.4
1470,2015-11-16,156.9467,168.5563,14.6641,15.8132,16.1699,,0.08,890113.0
1471,2015-11-13,155.4508,166.9497,14.5244,15.6625,16.0157,,0.08,881629.0
1472,2015-11-12,172.7161,185.4923,16.1375,17.4021,17.7945,,0.07,979548.5
1473,2015-11-11,157.009,168.6232,14.67,15.8195,16.1763,,0.08,890466.5
1474,2015-11-10,142.7355,153.2939,13.3363,14.3813,14.7057,,0.09,809515.0
1475,2015-11-09,142.7355,153.2939,13.3363,14.3813,14.7057,,0.09,809515.0
1476,2015-11-06,133.2364,143.0921,12.4488,13.4243,13.727,,0.09,755641.6
1477,2015-11-05,121.1693,130.1324,11.3213,12.2084,12.4838,,0.1,687204.0
1478,2015-11-04,122.1791,131.2169,11.4157,12.3102,12.5878,,0.1,692930.7
1479,2015-11-03,113.5277,121.9255,10.6073,11.4385,11.6965,,0.11,643864.9
1480,2015-11-02,111.8448,120.1181,10.4501,11.2689,11.5231,,0.11,634320.4
1481,2015-10-30,105.4871,113.2902,9.8561,10.6284,10.8681,,0.12,598263.4
1482,2015-10-29,102.4953,110.077,9.5765,10.3269,10.5599,,0.12,581295.4
1483,2015-10-28,101.9094,109.4478,9.5218,10.2679,10.4995,,0.12,577972.5
1484,2015-10-27,102.5327,110.1172,9.58,10.3307,10.5637,,0.12,581507.5
1485,2015-10-26,100.4259,107.8546,9.3832,10.1184,10.3467,,0.12,569559.2
1486,2015-10-23,95.988,91.2828,8.8664,9.6713,9.8901,,0.13,544390.0
1487,2015-10-22,93.5447,88.9592,8.6407,9.4251,9.6383,,0.13,530532.8
1488,2015-10-21,90.316,85.8888,8.3424,9.0998,9.3057,,0.14,512221.5
1489,2015-10-20,100.3511,95.432,9.2694,10.1109,10.3396,,0.12,569135.0
1490,2015-10-19,97.4964,92.7172,9.0057,9.8233,10.0455,,0.13,552944.7
1491,2015-10-16,100.3636,95.4439,9.2705,10.1122,10.3409,,0.12,569205.7
1492,2015-10-15,101.9717,96.9731,9.4191,10.2742,10.5066,,0.12,578326.0
1493,2015-10-14,100.2265,95.3135,9.2579,10.0983,10.3268,,0.12,568428.0
1494,2015-10-13,96.2124,91.4962,8.8871,9.6939,9.9132,,0.13,545662.6
1495,2015-10-12,94.7414,90.0973,8.7512,9.5457,9.7616,,0.13,537320.0
1496,2015-10-09,87.6358,83.34,8.0949,8.8298,9.0295,,0.14,497021.0
1497,2015-10-08,86.7757,82.522,8.0154,8.7431,8.9409,,0.14,492142.7
1498,2015-09-30,82.986,78.9181,7.6654,8.3613,8.5504,,0.15,470649.9
1499,2015-09-29,84.8933,80.7319,7.8415,8.5534,8.7469,,0.1468,481467.0
1500,2015-09-28,83.6716,79.5701,7.7287,8.4304,8.6211,,0.149,474538.4
1501,2015-09-25,76.0674,72.3386,7.0263,7.6642,7.8376,,0.1639,431411.4
1502,2015-09-24,83.3974,79.3093,7.7034,8.4027,8.5928,,0.1495,472983.0
1503,2015-09-23,84.1329,80.0088,7.7713,8.4768,8.6686,,0.1482,477154.3
1504,2015-09-22,80.2809,76.3456,7.4155,8.0887,8.2717,,0.1553,455308.0
1505,2015-09-21,79.6202,75.7173,7.3545,8.0222,8.2036,,0.1566,451560.9
1506,2015-09-18,75.3568,71.6629,6.9607,7.5926,7.7643,,0.1654,427381.5
1507,2015-09-17,72.926,69.3512,6.7361,7.3477,7.5139,,0.1709,413595.0
1508,2015-09-16,67.952,64.6211,6.2767,6.8465,7.0014,,0.1835,385385.7
1509,2015-09-15,61.7689,58.7411,5.7056,6.2235,6.3643,,0.2018,350318.5
1510,2015-09-14,68.6377,65.2731,6.34,6.9156,7.072,,0.1816,389274.2
1511,2015-09-11,76.2669,72.5283,7.0447,7.6843,7.8581,,0.1635,432542.6
1512,2015-09-10,74.4094,70.7619,6.8732,7.4971,7.6667,,0.1675,422008.3
1513,2015-09-09,77.4013,73.6071,7.1495,7.7986,7.975,,0.1611,438976.3
1514,2015-09-08,72.9135,69.3394,6.735,7.3464,7.5126,,0.171,413524.3
1515,2015-09-07,66.2816,63.0325,6.1224,6.6782,6.8293,,0.1881,375911.9
1516,2015-09-02,61.4573,58.4447,5.6768,6.1921,6.3322,,0.2028,348551.0
1517,2015-09-01,63.8383,60.709,5.8967,6.432,6.5775,,0.1953,362054.7
1518,2015-08-31,70.9314,67.4544,6.5519,7.1467,7.3084,,0.1757,402283.0
1519,2015-08-28,78.6728,74.8163,7.267,7.9267,8.106,,0.1585,446187.7
1520,2015-08-27,73.5368,69.9321,6.7925,7.4092,7.5768,,0.1695,417059.3
1521,2015-08-26,69.3108,65.9133,6.4022,6.9834,7.1414,,0.1799,393092.0
1522,2015-08-25,71.8913,68.3673,6.6406,7.2434,7.4073,,0.1734,407726.9
1523,2015-08-24,79.882,70.8346,7.7394,8.0485,8.0115,,0.1561,453045.6
1524,2015-08-21,88.7578,78.7051,8.5993,8.9428,8.9017,,0.1404,503384.0
1525,2015-08-20,97.2471,86.2329,9.4218,9.7982,9.7531,,0.1282,551530.7
1526,2015-08-19,100.962,89.5271,9.7817,10.1724,10.1257,,0.1235,572599.3
1527,2015-08-18,100.3636,88.9965,9.7237,10.1122,10.0657,,0.1242,569205.7
1528,2015-08-17,111.5082,98.8788,10.8035,11.235,11.1834,,0.1118,632411.5
1529,2015-08-14,117.9282,104.5717,11.4255,11.8819,11.8273,,0.1057,668822.0
1530,2015-08-13,113.5651,100.7027,11.0027,11.4423,11.3897,,0.1098,644077.0
1531,2015-08-12,109.9873,97.5302,10.6561,11.0818,11.0309,,0.1133,623786.1
1532,2015-08-11,113.9266,101.0233,11.0378,11.4787,11.4259,,0.1094,646127.3
1533,2015-08-10,112.2561,99.5421,10.8759,11.3104,11.2584,,0.111,636653.5
1534,2015-08-07,105.4622,93.5176,10.2177,10.6259,10.577,,0.1182,598122.0
1535,2015-08-06,98.4563,87.3052,9.5389,9.92,9.8744,,0.1266,558388.6
1536,2015-08-05,101.847,90.3119,9.8674,10.2616,10.2145,,0.1224,577619.0
1537,2015-08-04,101.9717,90.4224,9.8795,10.2742,10.227,,0.1222,578326.0
1538,2015-08-03,92.7843,82.2756,8.9894,9.3485,9.3055,,0.1344,526220.1
1539,2015-07-31,103.0936,91.4173,9.9882,10.3872,10.3395,,0.1209,584689.0
1540,2015-07-30,104.7267,92.8654,10.1464,10.5518,10.5033,,0.119,593950.7
1541,2015-07-29,110.6979,98.1603,10.725,11.1534,11.1021,,0.1126,627816.0
1542,2015-07-28,102.7446,91.1078,9.9544,10.3521,10.3045,,0.1213,582709.4
1543,2015-07-27,114.1634,101.2333,11.0607,11.5026,11.4497,,0.1092,647470.6
1544,2015-07-24,126.8538,112.4864,12.2902,12.7812,12.7224,,0.0983,719443.2
1545,2015-07-23,125.6321,111.4031,12.1719,12.6581,12.5999,,0.0992,712514.6
1546,2015-07-22,114.2133,101.2776,11.0655,11.5076,11.4547,,0.1091,647753.4
1547,2015-07-21,115.6593,102.5598,11.2056,11.6533,11.5997,,0.1078,655954.6
1548,2015-07-20,109.3266,96.9443,10.5921,11.0152,10.9646,,0.114,620039.0
1549,2015-07-17,111.4957,98.8678,10.8022,11.2338,11.1821,,0.1118,632340.8
1550,2015-07-16,104.4898,92.6554,10.1235,10.5279,10.4795,,0.1193,592607.4
1551,2015-07-15,106.983,94.8662,10.365,10.7791,10.7296,,0.1165,606747.4
1552,2015-07-14,118.8631,105.4007,11.516,11.9761,11.921,,0.1049,674124.5
1553,2015-07-13,108.0551,95.8168,10.4689,10.8871,10.8371,,0.1154,612827.6
1554,2015-07-10,98.3566,87.2168,9.4155,9.9099,9.8644,,,557823.0
1555,2015-07-09,89.4185,79.291,8.5599,9.0094,8.968,,,507131.1
1556,2015-07-08,81.2906,72.0837,7.7818,8.1905,8.1528,,,461034.7
1557,2015-07-07,90.316,80.0869,8.6458,9.0998,9.058,,,512221.5
1558,2015-07-06,100.3511,88.9854,9.6065,10.1109,10.0644,,,569135.0
1559,2015-07-03,92.2607,81.8113,8.832,9.2957,9.253,,,523250.7
1560,2015-07-02,100.6752,89.2728,9.6375,10.1436,10.0969,,,570973.2
1561,2015-07-01,111.8572,99.1883,10.7079,11.2702,11.2184,,,634391.1
1562,2015-06-30,124.2858,110.2093,11.8977,12.5224,12.4649,,,704879.0
1563,2015-06-29,119.1498,105.655,11.4061,12.005,11.9498,,,675750.6
1564,2015-06-26,132.3887,117.3944,12.6734,13.3389,13.2775,,,750834.0
1565,2015-06-25,147.0985,130.4382,14.0816,14.8209,14.7528,,,834260.0
1566,2015-06-24,155.6377,138.0103,14.899,15.6813,15.6092,,,882689.5
1567,2015-06-23,159.5022,141.4371,15.2689,16.0707,15.9968,,,904606.5
1568,2015-06-19,149.0557,132.1737,14.2689,15.0181,14.9491,,,845359.9
1569,2015-06-18,162.494,144.09,15.5553,16.3721,16.2969,,,921574.5
1570,2015-06-17,180.5448,160.0964,17.2833,18.1908,18.1072,,,1023948.1
1571,2015-06-16,174.5237,154.7572,16.7069,17.5842,17.5034,,,989800.0
1572,2015-06-15,183.225,162.473,17.5399,18.4609,18.376,,,1039148.6
1573,2015-06-12,203.5819,180.5243,19.4886,20.5119,20.4177,,,1154601.7
1574,2015-06-11,221.7074,196.597,21.2238,22.3382,22.2355,,,1257399.5
1575,2015-06-10,215.2874,190.9041,20.6092,21.6913,21.5916,,,1220989.0
1576,2015-06-09,205.3147,182.0608,19.6545,20.6865,20.5914,,,1164429.0
1577,2015-06-08,200.8269,178.0814,19.2249,20.2344,20.1414,,,1138977.0
1578,2015-06-05,223.141,197.8682,21.361,22.4826,22.3793,,,1265530.0
1579,2015-06-04,215.2999,190.9151,20.6104,21.6926,21.5929,,,1221059.7
1580,2015-06-03,236.8661,210.0387,22.6749,23.8655,23.7558,,,1343370.7
1581,2015-06-02,251.713,223.2041,24.0962,25.3614,25.2448,,,1427574.4
1582,2015-06-01,279.6867,248.0095,26.774,28.1799,28.0504,,,1586225.2
1583,2015-05-29,310.7644,275.5674,29.7491,31.3111,31.1672,,,1762480.3
1584,2015-05-28,282.5165,250.5188,27.0449,28.465,28.3342,,,1602274.1
1585,2015-05-27,313.9058,278.353,30.0498,31.6277,31.4823,,,1780296.7
1586,2015-05-26,285.3712,253.0502,27.3182,28.7526,28.6205,,,1618464.4
1587,2015-05-25,259.4295,230.0466,24.8348,26.1389,26.0187,,,1471337.7
1588,2015-05-22,235.8438,209.1323,22.577,23.7625,23.6533,,,1337573.3
1589,2015-05-21,214.4024,190.1193,20.5245,21.6022,21.5029,,,1215969.3
1590,2015-05-20,194.9056,172.8307,18.6581,19.6378,19.5475,,,1105394.5
1591,2015-05-19,177.1914,157.1228,16.9623,17.853,17.7709,,,1004929.8
1592,2015-05-18,161.0854,142.8409,15.4205,16.2302,16.1556,,,913585.4
1593,2015-05-15,146.4378,129.8524,14.0183,14.7544,14.6866,,,830512.9
1594,2015-05-14,133.1242,118.0466,12.7438,13.413,13.3513,,,755005.3
1595,2015-05-13,121.0197,107.3131,11.5851,12.1934,12.1373,,,686355.6
1596,2015-05-12,110.0123,97.5523,10.5313,11.0843,11.0334,,,623927.5
1597,2015-05-11,100.0145,88.6869,9.5743,10.077,10.0307,,,567226.1
1598,2015-05-08,90.9268,80.6285,8.7043,9.1614,9.1192,,,515685.8
1599,2015-05-07,82.6619,73.2997,7.9131,8.3286,8.2903,,,468811.7
1600,2015-05-06,75.1449,66.634,7.1935,7.5712,7.5364,,,426179.6
1601,2015-05-05,68.3136,60.5764,6.5396,6.8829,6.8513,,,387436.0
1602,2015-05-04,62.1055,55.0715,5.9453,6.2575,6.2287,,,352227.4
1603,2015-04-30,56.4584,50.064,5.4047,5.6885,5.6623,,,320200.3
1604,2015-04-29,51.3224,45.5097,4.913,5.171,5.1472,,,291071.9
1605,2015-04-28,46.6602,41.3755,4.4667,4.7013,4.6796,,,264630.1
1606,2015-04-27,42.4217,37.6171,4.061,4.2742,4.2546,,,240592.1
1607,2015-04-24,38.5697,34.2013,3.6922,3.8861,3.8682,,,218745.8
1608,2015-04-23,35.0668,31.0951,3.3569,3.5332,3.5169,,,198879.1
1609,2015-04-22,31.8755,28.2653,3.0514,3.2116,3.1969,,,180779.9
